Date	Open	High	Low	Close	Volume	Market Cap
07/15/2018	1.53	1.58	1.52	1.57	144,739	43,088,100
07/14/2018	1.52	1.54	1.50	1.53	130,245	42,857,000
07/13/2018	1.51	1.56	1.49	1.52	182,505	42,685,500
07/12/2018	1.74	1.74	1.42	1.52	396,671	49,056,600
07/11/2018	1.72	1.74	1.63	1.73	303,126	48,582,800
07/10/2018	1.91	1.91	1.72	1.72	224,822	53,956,500
07/09/2018	1.98	1.99	1.91	1.91	155,314	55,945,100
07/08/2018	2.04	2.05	1.98	1.98	152,700	57,568,400
07/07/2018	2.04	2.04	1.96	2.04	140,846	57,460,300
07/06/2018	1.94	2.04	1.93	2.04	175,915	54,697,700
07/05/2018	1.94	1.98	1.91	1.94	143,444	54,843,900
07/04/2018	1.91	1.99	1.88	1.94	126,998	53,799,100
07/03/2018	1.91	2.02	1.90	1.92	196,630	53,911,100
07/02/2018	1.87	1.92	1.82	1.91	186,314	52,832,400
07/01/2018	1.88	1.90	1.86	1.87	117,425	53,086,900
06/30/2018	1.76	1.89	1.76	1.88	132,700	49,769,600
06/29/2018	1.71	1.78	1.67	1.76	143,721	48,239,200
06/28/2018	1.76	1.79	1.70	1.71	159,452	49,584,600
06/27/2018	1.80	1.80	1.65	1.76	166,803	50,721,100
06/26/2018	1.88	1.89	1.80	1.80	145,437	52,972,200
06/25/2018	1.81	1.91	1.81	1.88	270,680	51,183,400
06/24/2018	1.90	1.90	1.76	1.82	204,637	53,548,400
06/23/2018	1.89	1.94	1.88	1.90	151,822	53,342,500
06/22/2018	2.16	2.25	1.87	1.89	253,267	60,931,700
06/21/2018	2.19	2.23	2.16	2.16	170,459	61,642,200
06/20/2018	2.22	2.26	2.13	2.19	219,146	62,708,100
06/19/2018	2.30	2.31	2.21	2.22	177,748	64,966,800
06/18/2018	2.25	2.31	2.20	2.30	150,910	63,486,100
06/17/2018	2.24	2.27	2.24	2.25	135,923	63,203,200
06/16/2018	2.41	2.45	2.19	2.24	203,446	68,054,800
06/15/2018	2.25	2.50	2.19	2.42	296,654	63,569,600
06/14/2018	2.20	2.29	2.16	2.26	163,268	62,136,800
06/13/2018	2.26	2.30	2.11	2.22	344,845	63,829,300
06/12/2018	2.40	2.42	2.24	2.26	321,222	67,615,400
06/11/2018	2.37	2.43	2.30	2.41	204,896	66,864,100
06/10/2018	2.77	2.77	2.35	2.37	200,918	78,068,000
06/09/2018	2.80	2.82	2.76	2.76	153,256	78,890,400
06/08/2018	2.86	2.87	2.79	2.80	164,422	80,565,300
06/07/2018	2.83	2.87	2.83	2.85	166,328	79,894,800
06/06/2018	2.85	2.87	2.80	2.83	165,023	80,349,400
06/05/2018	2.79	2.87	2.74	2.85	170,838	78,731,700
06/04/2018	3.02	3.04	2.78	2.79	173,751	85,042,600
06/03/2018	3.06	3.12	2.99	3.01	217,906	86,137,000
06/02/2018	3.07	3.20	3.05	3.06	163,950	86,509,400
06/01/2018	3.08	3.15	3.01	3.07	228,017	86,724,400
05/31/2018	3.05	3.21	3.01	3.07	224,194	85,903,600
05/30/2018	2.86	3.15	2.84	3.05	381,032	80,515,600
05/29/2018	2.68	2.90	2.61	2.86	197,654	75,558,700
05/28/2018	2.87	2.91	2.66	2.68	189,913	80,934,500
05/27/2018	3.11	3.11	2.85	2.86	271,084	87,539,300
05/26/2018	3.21	3.23	3.07	3.11	229,439	90,503,000
05/25/2018	3.53	3.54	3.15	3.21	302,704	99,329,700
05/24/2018	3.58	3.68	3.42	3.52	235,130	100,765,000
05/23/2018	3.79	3.87	3.52	3.57	595,995	106,693,000
05/22/2018	4.02	4.03	3.79	3.79	402,653	105,982,000
05/21/2018	3.95	4.05	3.87	4.02	376,158	104,136,000
05/20/2018	3.96	4.22	3.84	3.93	882,106	104,394,000
05/19/2018	4.00	4.04	3.93	3.96	261,377	105,477,000
05/18/2018	4.00	4.02	3.92	3.99	234,252	105,575,000
05/17/2018	4.25	4.34	3.98	4.00	350,311	112,173,000
05/16/2018	4.12	4.30	3.83	4.25	714,016	108,674,000
05/15/2018	4.33	4.36	4.00	4.09	460,628	114,164,000
05/14/2018	4.58	4.64	4.30	4.32	521,128	120,682,000
05/13/2018	4.35	4.60	4.27	4.57	359,728	114,598,000
05/12/2018	4.27	4.47	4.12	4.35	346,730	112,511,000
05/11/2018	4.52	4.60	4.12	4.28	802,077	119,078,000
05/10/2018	4.56	4.91	4.48	4.51	595,950	120,262,000
05/09/2018	4.44	4.78	4.27	4.57	591,611	117,118,000
05/08/2018	4.86	4.93	4.39	4.45	647,199	128,154,000
05/07/2018	4.52	4.88	4.42	4.87	1,726,970	119,156,000
05/06/2018	4.74	4.78	4.45	4.51	424,680	124,944,000
05/05/2018	4.59	4.83	4.58	4.77	603,170	120,985,000
05/04/2018	4.59	4.85	4.50	4.59	651,897	121,144,000
05/03/2018	4.54	4.66	4.42	4.57	591,189	119,697,000
05/02/2018	4.36	4.56	4.31	4.55	443,267	114,905,000
05/01/2018	4.49	4.50	4.17	4.36	425,023	118,448,000
04/30/2018	4.49	4.57	4.27	4.49	769,705	118,304,000
04/29/2018	4.35	4.50	4.20	4.47	811,571	114,709,000
04/28/2018	4.17	4.49	4.16	4.37	557,517	109,981,000
04/27/2018	4.41	4.55	4.19	4.19	1,207,310	116,317,000
04/26/2018	3.82	4.57	3.61	4.39	8,299,760	100,790,000
04/25/2018	4.33	4.37	3.69	3.79	1,076,170	114,254,000
04/24/2018	4.11	4.45	4.10	4.37	1,089,940	108,462,000
04/23/2018	3.95	4.25	3.95	4.13	827,235	104,188,000
04/22/2018	3.98	4.11	3.85	4.01	1,042,220	105,047,000
04/21/2018	4.10	4.21	3.73	3.97	1,358,970	108,069,000
04/20/2018	3.71	4.87	3.67	4.08	12,823,500	97,703,300
04/19/2018	3.60	3.85	3.47	3.70	3,014,510	95,061,400
04/18/2018	3.26	3.73	3.21	3.57	1,969,100	85,967,600
04/17/2018	3.26	3.42	3.20	3.27	980,757	85,920,300
04/16/2018	3.32	3.40	3.08	3.25	1,225,700	87,549,000
04/15/2018	2.96	3.32	2.96	3.32	1,100,500	78,055,400
04/14/2018	2.73	3.17	2.71	2.94	1,802,770	71,919,700
04/13/2018	2.72	2.94	2.67	2.73	725,659	71,774,300
04/12/2018	2.50	2.75	2.43	2.72	653,353	65,964,700
04/11/2018	2.43	2.53	2.38	2.50	831,631	63,976,900
04/10/2018	2.39	2.43	2.28	2.40	1,181,120	63,013,100
04/09/2018	2.45	2.71	2.32	2.36	786,173	64,485,700
04/08/2018	2.33	2.71	2.32	2.43	1,630,480	61,509,600
04/07/2018	2.26	2.41	2.24	2.32	275,540	59,506,200
04/06/2018	2.30	2.33	2.23	2.26	261,384	60,642,200
04/05/2018	2.29	2.34	2.21	2.31	306,445	60,260,400
04/04/2018	2.56	2.57	2.25	2.29	365,128	67,534,600
04/03/2018	2.28	2.74	2.25	2.56	1,896,320	60,131,700
04/02/2018	2.22	2.31	2.21	2.28	409,179	58,631,300
04/01/2018	2.26	2.32	2.07	2.22	507,513	59,502,600
03/31/2018	2.33	2.44	2.24	2.26	481,186	61,348,200
03/30/2018	2.83	2.85	2.29	2.33	933,279	74,668,600
03/29/2018	3.28	3.29	2.78	2.84	293,047	86,555,400
03/28/2018	3.21	3.45	3.18	3.28	283,986	84,431,900
03/27/2018	3.37	3.39	3.20	3.20	232,394	88,720,200
03/26/2018	3.46	3.52	3.22	3.37	334,365	91,203,800
03/25/2018	3.53	3.55	3.35	3.45	358,266	93,034,000
03/24/2018	3.70	3.77	3.48	3.58	652,108	97,430,000
03/23/2018	3.97	3.97	3.54	3.66	445,268	104,545,000
03/22/2018	4.15	4.44	3.77	3.95	1,223,880	109,827,000
03/21/2018	3.63	4.39	3.59	4.24	2,562,680	96,476,400
03/20/2018	2.86	3.78	2.61	3.59	2,904,730	76,332,500
03/19/2018	2.64	2.86	2.64	2.83	254,276	70,467,400
03/18/2018	2.66	2.66	2.23	2.64	376,735	71,125,300
03/17/2018	3.17	3.17	2.65	2.67	559,565	84,614,900
03/16/2018	3.20	3.33	3.10	3.15	434,969	85,394,100
03/15/2018	3.10	3.23	2.86	3.19	517,862	82,799,200
03/14/2018	3.49	3.53	3.01	3.10	389,735	93,087,000
03/13/2018	3.46	3.58	3.39	3.48	292,989	92,360,500
03/12/2018	3.61	3.77	3.39	3.47	347,910	96,490,000
03/11/2018	3.38	3.68	3.28	3.62	329,766	90,248,400
03/10/2018	3.44	4.00	3.35	3.44	2,164,820	91,890,700
03/09/2018	3.68	3.75	2.99	3.44	651,864	98,309,100
03/08/2018	4.17	4.17	3.61	3.78	1,374,360	111,390,000
03/07/2018	4.82	4.82	3.69	4.44	3,118,940	128,661,000
03/06/2018	5.44	5.49	4.75	4.97	7,478,310	145,252,000
03/05/2018	4.49	5.94	4.45	5.09	14,777,800	119,794,000
03/04/2018	4.68	4.68	4.07	4.49	860,983	124,830,000
03/03/2018	4.28	5.40	4.17	4.59	3,106,160	114,365,000
03/02/2018	4.25	4.78	4.02	4.30	2,277,620	113,326,000
03/01/2018	3.82	4.42	3.57	4.25	1,137,440	101,896,000
02/28/2018	3.88	4.16	3.65	3.82	805,680	103,563,000
02/27/2018	3.81	4.61	3.81	3.91	4,057,050	101,723,000
02/26/2018	3.27	3.95	3.24	3.78	608,713	87,326,000
02/25/2018	3.36	3.46	3.16	3.27	512,090	89,750,000
02/24/2018	3.82	3.86	3.30	3.36	302,601	101,957,000
02/23/2018	3.66	3.91	3.58	3.83	334,492	97,762,700
02/22/2018	4.27	4.41	3.65	3.67	402,364	113,982,000
02/21/2018	4.03	4.26	3.69	4.18	836,708	107,517,000
02/20/2018	4.47	4.93	4.00	4.03	771,563	119,285,000
02/19/2018	4.54	4.98	4.41	4.49	703,168	121,149,000
02/18/2018	5.08	5.13	4.46	4.56	436,404	135,609,000
02/17/2018	4.91	5.30	4.91	5.07	696,794	130,966,000
02/16/2018	4.77	5.03	4.41	4.93	446,139	127,334,000
02/15/2018	4.78	5.04	4.60	4.79	581,333	127,563,000
02/14/2018	4.38	4.79	4.30	4.78	702,753	116,785,000
02/13/2018	4.68	4.93	4.35	4.39	1,821,350	124,986,000
02/12/2018	4.17	4.71	4.17	4.67	381,422	111,150,000
02/11/2018	4.36	4.36	3.95	4.15	261,449	116,216,000
02/10/2018	4.75	4.89	4.14	4.36	513,197	126,630,000
02/09/2018	4.57	4.85	4.20	4.75	651,699	121,782,000
02/08/2018	4.47	5.11	4.46	4.55	535,304	119,356,000
02/07/2018	4.64	5.08	4.21	4.46	333,766	123,911,000
02/06/2018	3.84	4.89	2.91	4.69	879,233	102,502,000
02/05/2018	5.05	5.20	3.60	3.84	547,398	134,740,000
02/04/2018	5.81	5.96	4.91	5.09	505,978	155,077,000
02/03/2018	5.43	6.12	4.93	5.81	620,692	144,793,000
02/02/2018	5.52	5.87	4.43	5.41	2,457,040	147,290,000
02/01/2018	6.55	6.55	4.63	5.53	2,198,850	174,817,000
01/31/2018	5.84	6.94	5.51	6.58	3,501,040	155,624,000
01/30/2018	6.68	7.72	5.73	5.80	6,108,660	178,132,000
01/29/2018	6.40	7.55	6.16	6.68	4,313,600	170,772,000
01/28/2018	6.88	7.01	6.35	6.39	1,741,020	183,559,000
01/27/2018	6.64	7.54	6.53	6.82	10,049,300	176,982,000
01/26/2018	6.41	6.94	5.38	6.65	4,422,150	170,919,000
01/25/2018	5.69	6.67	5.29	6.67	2,143,230	151,696,000
01/24/2018	5.72	5.74	4.89	5.56	3,155,900	152,587,000
01/23/2018	5.94	6.43	4.76	5.40	15,117,600	158,476,000
01/22/2018	4.78	5.34	4.08	4.98	1,717,510	127,556,000
01/21/2018	5.39	5.75	4.41	4.72	2,417,820	143,779,000
01/20/2018	4.99	5.53	4.99	5.34	782,250	133,238,000
01/19/2018	4.77	5.30	4.64	4.94	930,378	127,273,000
01/18/2018	4.31	4.85	3.98	4.85	1,013,340	115,120,000
01/17/2018	4.28	4.50	3.11	4.29	1,012,990	137,693,000
01/16/2018	5.85	5.85	3.65	4.31	1,789,130	187,925,000
01/15/2018	5.65	7.42	5.48	5.93	7,049,320	181,696,000
01/14/2018	6.14	6.32	5.35	5.68	875,127	197,504,000
01/13/2018	6.13	6.54	6.07	6.14	1,152,890	197,172,000
01/12/2018	6.19	6.86	5.80	6.14	1,828,220	199,120,000
01/11/2018	6.10	7.32	5.26	6.01	5,242,850	195,942,000
01/10/2018	6.87	6.93	5.40	6.10	2,579,540	220,874,000
01/09/2018	6.69	7.26	6.55	6.91	2,079,090	215,090,000
01/08/2018	7.56	7.75	5.73	6.70	5,129,650	243,736,000
01/07/2018	5.98	7.76	5.93	7.70	5,045,620	192,856,000
01/06/2018	5.36	6.17	5.07	5.99	2,001,070	172,791,000
01/05/2018	6.09	6.37	5.18	5.35	2,592,980	196,455,000
01/04/2018	6.41	6.96	5.60	6.27	4,249,260	206,882,000
01/03/2018	4.57	6.86	4.57	6.55	5,024,030	147,410,000
01/02/2018	4.29	5.36	4.11	4.61	3,763,910	138,303,000
01/01/2018	3.83	4.30	3.47	4.27	2,137,650	123,637,000
12/31/2017	3.40	4.02	3.32	3.89	1,516,050	109,665,000
12/30/2017	3.79	3.91	3.01	3.45	1,309,030	122,346,000
12/29/2017	3.70	4.05	3.52	3.95	1,491,210	119,468,000
12/28/2017	3.86	4.00	3.13	3.68	1,857,820	124,353,000
12/27/2017	3.75	3.83	3.43	3.83	1,444,870	121,101,000
12/26/2017	4.00	4.28	3.40	3.75	2,109,130	128,921,000
12/25/2017	3.84	4.22	3.65	4.07	2,435,090	123,884,000
12/24/2017	3.36	3.84	2.83	3.79	2,585,130	108,223,000
12/23/2017	2.90	3.65	2.90	3.32	1,253,340	93,387,600
12/22/2017	3.55	3.57	2.22	2.87	1,230,300	114,358,000
12/21/2017	3.44	3.94	3.33	3.53	2,138,150	110,950,000
12/20/2017	3.32	3.67	2.92	3.51	2,199,840	107,186,000
12/19/2017	3.23	3.70	3.10	3.28	3,547,700	104,238,000
12/18/2017	2.68	3.39	2.55	3.26	2,569,300	86,433,800
12/17/2017	2.56	2.82	2.55	2.68	1,702,240	82,948,900
12/16/2017	2.54	2.63	2.42	2.54	1,047,860	82,072,000
12/15/2017	2.58	2.63	2.32	2.53	1,226,100	83,546,500
12/14/2017	2.73	2.87	2.48	2.59	1,488,340	88,568,400
12/13/2017	2.49	2.89	2.28	2.74	1,731,580	80,733,700
12/12/2017	2.14	2.64	2.04	2.49	2,131,230	69,243,500
12/11/2017	1.86	2.20	1.85	2.13	1,290,950	60,380,900
12/10/2017	2.02	2.03	1.72	1.89	626,556	65,564,900
12/09/2017	2.01	2.10	1.86	2.02	792,752	65,267,200
12/08/2017	1.89	2.03	1.67	1.96	773,768	61,577,900
12/07/2017	2.13	2.17	1.83	1.90	984,717	69,268,200
12/06/2017	2.22	2.45	1.94	2.13	1,804,040	72,209,300
12/05/2017	2.24	2.39	2.18	2.22	947,807	72,822,900
12/04/2017	2.06	2.24	2.01	2.24	590,453	67,023,400
12/03/2017	2.04	2.26	1.92	2.05	598,348	66,364,800
12/02/2017	2.15	2.16	1.98	2.04	526,706	69,779,900
12/01/2017	1.80	2.19	1.70	2.15	685,523	58,527,700
11/30/2017	1.82	1.93	1.62	1.81	490,782	59,312,800
11/29/2017	2.22	2.34	1.73	1.80	760,301	72,216,500
11/28/2017	2.37	2.39	2.13	2.22	783,917	77,139,900
11/27/2017	2.03	2.45	2.03	2.37	1,457,120	65,887,400
11/26/2017	2.03	2.11	1.93	2.03	590,313	66,133,100
11/25/2017	1.94	2.28	1.92	2.03	1,297,350	63,196,800
11/24/2017	1.75	1.95	1.70	1.94	649,323	57,060,500
11/23/2017	1.81	1.85	1.70	1.76	530,295	58,749,700
11/22/2017	1.76	1.84	1.71	1.82	587,607	57,071,100
11/21/2017	1.64	1.77	1.52	1.75	555,686	53,202,700
11/20/2017	1.55	1.67	1.55	1.64	456,294	50,445,500
11/19/2017	1.49	1.65	1.45	1.56	764,575	48,471,600
11/18/2017	1.46	1.52	1.38	1.49	603,517	47,523,300
11/17/2017	1.40	1.57	1.37	1.47	833,458	45,565,300
11/16/2017	1.32	1.45	1.30	1.41	521,774	43,139,300
11/15/2017	1.35	1.38	1.30	1.32	307,997	43,943,200
11/14/2017	1.29	1.38	1.21	1.36	425,966	42,152,900
11/13/2017	1.15	1.31	1.13	1.29	326,498	37,552,400
11/12/2017	1.20	1.21	1.08	1.14	430,354	39,323,400
11/11/2017	1.33	1.38	1.17	1.20	484,159	43,532,500
11/10/2017	1.62	1.70	1.26	1.34	580,034	52,790,200
11/09/2017	1.32	1.73	1.30	1.60	908,574	43,006,200
11/08/2017	1.15	1.37	1.13	1.33	575,560	37,438,400
11/07/2017	1.09	1.16	1.08	1.15	296,883	35,752,300
11/06/2017	1.20	1.22	1.05	1.10	630,406	39,292,700
11/05/2017	1.25	1.29	1.16	1.20	402,734	41,006,300
11/04/2017	1.17	1.42	1.16	1.26	571,028	38,150,000
11/03/2017	1.10	1.29	1.00	1.17	674,683	36,081,000
11/02/2017	1.23	1.28	0.873685	1.10	890,030	40,355,800
11/01/2017	1.38	1.40	1.24	1.24	506,138	45,142,200
10/31/2017	1.48	1.49	1.38	1.39	370,278	48,225,300
10/30/2017	1.45	1.48	1.42	1.48	270,562	47,376,100
10/29/2017	1.44	1.51	1.44	1.45	355,395	47,076,000
10/28/2017	1.49	1.52	1.44	1.44	376,313	48,817,400
10/27/2017	1.51	1.54	1.48	1.49	314,497	49,381,200
10/26/2017	1.62	1.63	1.49	1.51	442,666	53,001,100
10/25/2017	1.64	1.66	1.55	1.62	300,779	53,497,100
10/24/2017	1.54	1.78	1.49	1.64	490,482	50,355,300
10/23/2017	1.51	1.60	1.44	1.53	473,655	49,550,100
10/22/2017	1.49	1.54	1.45	1.51	360,050	48,658,900
10/21/2017	1.64	1.67	1.43	1.49	477,910	53,684,900
10/20/2017	1.81	1.81	1.62	1.64	639,154	59,138,900
10/19/2017	1.67	1.90	1.65	1.79	681,141	54,681,500
10/18/2017	1.73	1.73	1.56	1.66	600,299	56,584,500
10/17/2017	1.82	2.02	1.64	1.75	806,478	59,527,600
10/16/2017	1.61	1.82	1.54	1.82	972,053	52,939,200
10/15/2017	1.74	1.74	1.48	1.64	372,857	56,981,700
10/14/2017	1.96	1.96	1.66	1.70	645,581	64,500,600
10/13/2017	1.62	3.45	1.59	1.99	5,260,750	53,236,800
10/12/2017	1.73	1.75	1.60	1.62	411,624	56,800,600
10/11/2017	1.72	1.75	1.68	1.73	246,870	56,615,600
10/10/2017	1.70	1.86	1.67	1.72	466,173	56,115,200
10/09/2017	1.67	1.76	1.56	1.71	669,321	54,956,900
10/08/2017	1.77	1.79	1.66	1.67	371,480	58,218,700
10/07/2017	1.80	1.83	1.71	1.77	386,192	59,314,400
10/06/2017	1.92	1.94	1.70	1.81	517,011	63,143,600
10/05/2017	1.68	1.93	1.62	1.93	429,164	55,472,600
10/04/2017	1.75	1.76	1.64	1.68	358,119	57,557,500
10/03/2017	1.80	1.83	1.63	1.74	401,641	59,389,500
10/02/2017	1.90	1.95	1.78	1.80	369,341	62,729,700
10/01/2017	1.94	1.96	1.85	1.90	492,416	63,861,700
09/30/2017	1.82	1.94	1.82	1.93	318,152	60,113,500
09/29/2017	1.88	1.90	1.79	1.82	283,930	61,842,300
09/28/2017	1.94	1.94	1.85	1.89	341,170	63,862,000
09/27/2017	1.80	1.94	1.79	1.92	334,295	59,377,700
09/26/2017	1.82	1.88	1.80	1.80	330,678	59,993,400
09/25/2017	1.76	1.85	1.73	1.82	348,933	57,855,200
09/24/2017	1.89	1.89	1.72	1.76	330,400	62,221,000
09/23/2017	1.63	1.88	1.61	1.88	385,085	53,624,100
09/22/2017	1.66	1.71	1.60	1.63	281,181	54,811,100
09/21/2017	1.91	1.95	1.63	1.66	380,055	63,081,100
09/20/2017	1.82	1.99	1.79	1.94	486,492	59,880,800
09/19/2017	1.93	1.97	1.82	1.82	436,441	63,622,200
09/18/2017	1.64	1.93	1.64	1.93	469,489	53,921,000
09/17/2017	1.58	1.65	1.52	1.64	282,616	52,008,700
09/16/2017	1.64	1.69	1.55	1.58	363,528	53,964,100
09/15/2017	1.44	1.66	1.24	1.64	395,562	47,438,500
09/14/2017	1.79	1.83	1.35	1.43	396,526	59,031,700
09/13/2017	1.89	1.89	1.62	1.79	741,807	62,271,200
09/12/2017	1.89	1.99	1.82	1.88	480,641	62,378,200
09/11/2017	1.93	2.06	1.84	1.89	497,748	63,864,500
09/10/2017	2.07	2.07	1.87	1.94	390,270	68,181,800
09/09/2017	2.09	2.17	1.98	2.06	486,870	68,894,600
09/08/2017	2.16	2.30	1.97	2.08	585,419	71,433,700
09/07/2017	2.28	2.29	2.15	2.17	721,831	75,250,000
09/06/2017	2.32	2.42	2.23	2.30	540,724	76,443,000
09/05/2017	2.13	2.36	1.88	2.33	527,783	70,178,600
09/04/2017	2.58	2.58	1.86	2.14	991,351	85,208,400
09/03/2017	2.56	2.67	2.49	2.58	382,014	84,660,000
09/02/2017	2.84	2.86	2.43	2.56	505,254	93,767,200
09/01/2017	2.93	2.97	2.73	2.82	904,657	96,592,900
08/31/2017	3.06	3.12	2.90	2.92	689,530	102,908,000
08/30/2017	3.01	3.14	2.93	3.07	563,509	101,180,000
08/29/2017	3.19	3.21	2.91	3.01	904,782	107,213,000
08/28/2017	2.84	3.18	2.73	3.18	958,386	95,505,300
08/27/2017	2.94	2.99	2.74	2.84	482,067	98,829,900
08/26/2017	2.77	2.95	2.67	2.92	613,011	92,932,600
08/25/2017	2.81	2.85	2.68	2.76	399,046	94,384,700
08/24/2017	2.52	2.84	2.50	2.78	624,648	84,798,300
08/23/2017	2.54	2.62	2.47	2.56	467,406	85,399,400
08/22/2017	2.66	2.66	2.36	2.54	405,765	89,302,200
08/21/2017	2.75	2.93	2.62	2.65	867,557	92,511,300
08/20/2017	2.55	2.86	2.45	2.77	739,923	85,718,500
08/19/2017	2.35	2.62	2.20	2.56	795,690	79,090,200
08/18/2017	2.44	2.48	2.27	2.35	543,222	81,976,500
08/17/2017	2.54	2.55	2.30	2.45	742,746	85,282,400
08/16/2017	2.44	2.60	2.38	2.54	750,076	81,867,900
08/15/2017	2.71	2.76	2.28	2.45	767,516	90,924,200
08/14/2017	2.55	2.78	2.34	2.70	932,953	85,558,300
08/13/2017	2.93	2.99	2.52	2.52	1,102,490	98,518,000
08/12/2017	2.89	3.10	2.78	2.92	1,078,570	97,178,000
08/11/2017	2.56	3.02	2.56	2.96	2,631,060	86,115,200
08/10/2017	2.37	2.80	2.28	2.56	1,299,060	79,673,700
08/09/2017	2.12	2.39	2.12	2.36	727,888	71,148,400
08/08/2017	2.08	2.25	2.01	2.15	587,613	69,909,000
08/07/2017	2.08	2.13	1.98	2.09	403,798	70,010,800
08/06/2017	2.12	2.19	2.02	2.09	404,444	71,165,600
08/05/2017	1.92	2.17	1.90	2.09	472,444	64,388,300
08/04/2017	1.88	1.98	1.87	1.92	362,206	63,204,600
08/03/2017	1.76	1.91	1.74	1.88	409,120	59,094,900
08/02/2017	1.80	1.80	1.60	1.76	306,111	60,371,300
08/01/2017	1.68	1.85	1.60	1.81	299,507	56,594,700
07/31/2017	1.64	1.71	1.58	1.68	265,313	55,122,400
07/30/2017	1.63	1.66	1.54	1.64	239,215	54,902,300
07/29/2017	1.59	1.63	1.49	1.63	350,613	53,296,000
07/28/2017	1.69	1.72	1.52	1.59	490,408	56,712,400
07/27/2017	1.77	1.80	1.64	1.68	265,010	59,608,000
07/26/2017	1.68	1.78	1.61	1.77	445,200	56,585,200
07/25/2017	2.15	2.19	1.59	1.69	593,523	72,384,500
07/24/2017	2.16	2.20	2.11	2.15	276,677	72,588,200
07/23/2017	2.26	2.30	2.11	2.19	339,806	75,970,700
07/22/2017	2.08	2.27	2.07	2.26	322,467	69,978,500
07/21/2017	2.02	2.18	1.98	2.08	312,070	67,813,400
07/20/2017	1.81	2.17	1.81	2.00	445,853	60,864,000
07/19/2017	2.02	2.12	1.78	1.80	423,748	68,046,300
07/18/2017	1.72	2.12	1.64	2.02	508,917	57,784,000
07/17/2017	1.43	1.71	1.39	1.71	477,114	47,913,100
07/16/2017	1.53	1.60	1.26	1.43	327,985	51,413,100
07/15/2017	1.81	1.82	1.52	1.52	288,078	60,870,400
07/14/2017	1.98	1.99	1.69	1.81	315,431	66,498,700
07/13/2017	2.01	2.03	1.85	1.98	435,082	67,494,500
07/12/2017	1.74	2.03	1.62	2.00	565,016	58,459,800
07/11/2017	1.60	1.93	1.22	1.74	907,017	53,801,000
07/10/2017	2.12	2.13	1.51	1.61	487,679	71,386,300
07/09/2017	2.17	2.25	2.10	2.13	305,830	72,776,100
07/08/2017	2.09	2.18	1.99	2.16	350,485	70,227,600
07/07/2017	2.45	2.47	2.08	2.09	647,124	82,400,200
07/06/2017	2.32	2.48	2.23	2.45	555,626	77,845,000
07/05/2017	2.24	2.36	2.12	2.32	404,513	75,188,500
07/04/2017	2.34	2.40	2.17	2.21	434,296	78,701,200
07/03/2017	2.41	2.46	2.22	2.37	471,371	80,912,300
07/02/2017	2.21	2.49	2.15	2.43	388,197	74,130,500
07/01/2017	2.31	2.37	2.16	2.21	450,321	77,473,900
06/30/2017	2.65	2.70	2.26	2.30	585,257	88,961,900
06/29/2017	2.90	3.06	2.60	2.64	772,157	97,532,200
06/28/2017	2.47	3.07	2.31	2.97	1,176,160	83,131,800
06/27/2017	2.36	2.45	1.92	2.45	608,510	79,383,800
06/26/2017	2.41	2.49	1.74	2.29	997,967	81,091,800
06/25/2017	2.70	2.78	2.32	2.41	656,243	90,871,200
06/24/2017	2.98	3.03	2.65	2.70	1,043,750	99,992,300
06/23/2017	2.77	3.09	2.65	2.95	878,484	92,952,100
06/22/2017	2.71	2.94	2.65	2.77	788,086	91,088,600
06/21/2017	2.81	3.17	2.55	2.70	1,428,180	94,415,100
06/20/2017	2.83	2.90	2.63	2.65	938,596	94,939,300
06/19/2017	2.87	3.05	2.78	2.81	1,110,070	96,442,800
06/18/2017	3.12	3.21	2.87	2.90	929,574	104,969,000
06/17/2017	3.22	3.33	3.09	3.11	766,546	108,309,000
06/16/2017	4.02	4.16	3.18	3.22	787,317	135,225,000
06/15/2017	3.16	4.09	2.59	4.04	1,173,940	106,250,000
06/14/2017	3.90	3.97	2.88	3.16	1,610,150	130,939,000
06/13/2017	3.73	3.93	3.54	3.90	1,369,980	125,203,000
06/12/2017	4.11	4.36	3.41	3.73	2,292,920	138,074,000
06/11/2017	4.04	4.28	3.57	4.16	3,049,210	135,820,000
06/10/2017	3.31	4.00	3.09	4.00	2,275,360	111,077,000
06/09/2017	3.16	3.35	2.92	3.30	1,877,340	106,179,000
06/08/2017	2.55	3.18	2.52	3.13	3,743,020	85,550,000
06/07/2017	2.40	2.86	2.32	2.57	1,762,630	80,797,600
06/06/2017	2.24	2.59	2.19	2.44	1,266,720	75,156,300
06/05/2017	2.10	2.25	2.07	2.22	973,493	70,708,300
06/04/2017	2.21	2.27	2.02	2.10	1,065,030	74,328,900
06/03/2017	2.15	2.32	2.14	2.22	963,743	72,258,500
06/02/2017	2.09	2.21	2.04	2.16	759,428	70,199,800
06/01/2017	2.09	2.19	1.99	2.09	630,982	70,176,300
05/31/2017	1.84	2.11	1.73	2.09	1,365,970	61,958,200
05/30/2017	1.83	2.15	1.73	1.84	1,345,200	61,396,000
05/29/2017	1.64	1.87	1.64	1.83	653,050	55,013,700
05/28/2017	1.74	2.02	1.64	1.84	801,602	58,319,800
05/27/2017	1.97	2.06	1.44	1.72	713,711	66,361,800
05/26/2017	2.09	2.50	1.72	1.96	1,150,820	70,263,400
05/25/2017	2.61	2.68	1.97	2.11	1,535,420	87,800,600
05/24/2017	2.09	2.65	2.09	2.65	3,619,740	70,258,300
05/23/2017	1.47	2.11	1.47	2.11	2,436,560	49,452,000
05/22/2017	1.40	1.61	1.20	1.54	1,358,470	47,058,300
05/21/2017	1.45	1.50	1.33	1.41	1,152,680	48,804,400
05/20/2017	1.33	1.47	1.30	1.43	1,272,560	36,818,000
05/19/2017	1.50	1.56	1.29	1.33	1,655,390	-
05/18/2017	1.49	1.56	1.42	1.52	2,745,280	-
