Date	Open	High	Low	Close	Volume	Market Cap
07/15/2018	0.317590	0.342343	0.308336	0.317168	8,434,180	317,590,000
07/14/2018	0.334512	0.344397	0.307907	0.318159	15,608,800	334,512,000
07/13/2018	0.269151	0.341148	0.265327	0.336022	16,786,200	269,151,000
07/12/2018	0.268646	0.269675	0.251201	0.268327	4,768,230	268,646,000
07/11/2018	0.243195	0.274181	0.243060	0.268652	4,486,670	243,195,000
07/10/2018	0.262173	0.262556	0.238425	0.242928	2,751,840	262,173,000
07/09/2018	0.274015	0.281356	0.264052	0.264901	2,762,680	274,015,000
07/08/2018	0.269778	0.278685	0.264111	0.274485	2,346,660	269,778,000
07/07/2018	0.264982	0.270212	0.254652	0.269085	3,189,520	264,982,000
07/06/2018	0.241166	0.272392	0.236682	0.262340	4,473,600	241,166,000
07/05/2018	0.250721	0.255783	0.236434	0.241339	2,424,400	250,721,000
07/04/2018	0.249975	0.260140	0.245463	0.250188	2,681,310	249,975,000
07/03/2018	0.271335	0.276170	0.245309	0.249576	3,674,380	271,335,000
07/02/2018	0.258049	0.275968	0.249102	0.271738	3,659,320	258,049,000
07/01/2018	0.242630	0.259303	0.236370	0.257420	2,366,250	242,630,000
06/30/2018	0.218216	0.243749	0.218072	0.243023	2,690,800	218,216,000
06/29/2018	0.204318	0.220344	0.198294	0.218404	2,184,470	204,318,000
06/28/2018	0.223710	0.225225	0.204879	0.205587	1,902,540	223,710,000
06/27/2018	0.225055	0.228222	0.217491	0.223741	1,713,500	225,055,000
06/26/2018	0.249666	0.251447	0.225684	0.225933	2,278,780	249,666,000
06/25/2018	0.256403	0.261452	0.245845	0.247712	3,054,560	256,403,000
06/24/2018	0.276485	0.276485	0.235592	0.257319	3,549,900	276,485,000
06/23/2018	0.249713	0.279568	0.246839	0.275959	4,754,520	249,713,000
06/22/2018	0.305460	0.307346	0.242329	0.249035	7,381,380	305,460,000
06/21/2018	0.263738	0.310229	0.263738	0.308857	7,712,090	263,738,000
06/20/2018	0.255545	0.271791	0.241980	0.263447	3,376,880	255,545,000
06/19/2018	0.257546	0.259492	0.247405	0.255756	3,475,430	257,546,000
06/18/2018	0.229953	0.260111	0.228404	0.257204	4,118,300	229,953,000
06/17/2018	0.242629	0.255900	0.230049	0.230407	3,459,530	242,629,000
06/16/2018	0.234410	0.258054	0.233871	0.241798	7,265,280	234,410,000
06/15/2018	0.219425	0.243617	0.213305	0.235921	4,135,940	219,425,000
06/14/2018	0.195050	0.223492	0.189896	0.219573	2,641,910	195,050,000
06/13/2018	0.208681	0.208681	0.187511	0.195023	1,606,920	208,681,000
06/12/2018	0.234054	0.234054	0.203749	0.208202	2,402,470	234,054,000
06/11/2018	0.228179	0.235093	0.222650	0.233626	1,920,940	228,179,000
06/10/2018	0.265738	0.265738	0.221597	0.228183	2,505,850	265,738,000
06/09/2018	0.272348	0.277075	0.265697	0.265697	1,578,590	272,348,000
06/08/2018	0.277543	0.278378	0.267161	0.272297	1,643,000	277,543,000
06/07/2018	0.270451	0.277843	0.270098	0.277027	2,101,040	270,451,000
06/06/2018	0.278839	0.278995	0.264844	0.270386	1,666,000	278,839,000
06/05/2018	0.281792	0.283941	0.264471	0.278908	2,525,110	281,792,000
06/04/2018	0.294376	0.296900	0.278744	0.281798	1,894,160	294,376,000
06/03/2018	0.291533	0.304288	0.289888	0.295790	2,391,740	291,533,000
06/02/2018	0.277973	0.297933	0.273478	0.292916	3,215,640	277,973,000
06/01/2018	0.277993	0.280360	0.268894	0.278380	1,844,110	277,993,000
05/31/2018	0.266585	0.284225	0.264858	0.277734	2,369,600	266,585,000
05/30/2018	0.281352	0.288373	0.263494	0.266625	2,293,530	281,352,000
05/29/2018	0.250335	0.283549	0.246147	0.281625	3,041,930	250,335,000
05/28/2018	0.280487	0.281543	0.250261	0.250261	2,265,200	280,487,000
05/27/2018	0.283345	0.284034	0.277606	0.280541	1,441,200	283,345,000
05/26/2018	0.290833	0.294643	0.283060	0.283559	1,710,280	290,833,000
05/25/2018	0.312017	0.312330	0.286548	0.291022	2,025,840	312,017,000
05/24/2018	0.298139	0.325157	0.281058	0.311497	5,523,260	298,139,000
05/23/2018	0.308834	0.314927	0.271097	0.297605	5,796,060	308,834,000
05/22/2018	0.344411	0.345614	0.308194	0.309015	2,773,260	344,411,000
05/21/2018	0.351664	0.356934	0.343855	0.344437	2,447,770	351,664,000
05/20/2018	0.348429	0.356133	0.344268	0.351259	2,004,930	348,429,000
05/19/2018	0.362119	0.363086	0.345912	0.348088	2,770,420	362,119,000
05/18/2018	0.357857	0.368052	0.346978	0.361729	3,644,390	357,857,000
05/17/2018	0.392524	0.421358	0.355735	0.357854	8,947,410	392,524,000
05/16/2018	0.373185	0.407366	0.344623	0.392283	10,878,100	373,185,000
05/15/2018	0.403851	0.407073	0.366792	0.372427	4,664,060	403,851,000
05/14/2018	0.389918	0.413770	0.366876	0.404774	6,042,450	389,918,000
05/13/2018	0.366090	0.392253	0.355403	0.389423	4,894,890	366,090,000
05/12/2018	0.347384	0.367031	0.330351	0.363629	5,268,220	347,384,000
05/11/2018	0.381353	0.381353	0.317170	0.348191	7,594,750	381,353,000
05/10/2018	0.378682	0.394201	0.365482	0.383166	8,556,110	378,682,000
05/09/2018	0.391597	0.391822	0.364180	0.379371	5,609,840	391,597,000
05/08/2018	0.408217	0.420731	0.380933	0.391668	6,111,690	408,217,000
05/07/2018	0.437753	0.439490	0.382824	0.405995	6,942,380	437,753,000
05/06/2018	0.451134	0.453949	0.419688	0.437427	6,016,770	451,134,000
05/05/2018	0.482148	0.487889	0.443374	0.450836	10,395,000	482,148,000
05/04/2018	0.490363	0.501506	0.478427	0.482687	6,894,470	490,363,000
05/03/2018	0.490932	0.516460	0.488557	0.491580	15,010,800	490,932,000
05/02/2018	0.504219	0.523011	0.489825	0.491364	12,751,200	504,219,000
05/01/2018	0.480199	0.508905	0.442289	0.503444	14,562,200	480,199,000
04/30/2018	0.465091	0.502423	0.444017	0.479718	12,709,500	465,091,000
04/29/2018	0.440325	0.465133	0.435038	0.465133	7,606,110	440,325,000
04/28/2018	0.416056	0.471707	0.415770	0.441050	12,786,800	416,056,000
04/27/2018	0.439940	0.447372	0.416670	0.418297	5,786,420	439,940,000
04/26/2018	0.407347	0.439768	0.399228	0.439250	7,506,600	407,347,000
04/25/2018	0.457921	0.458297	0.380483	0.403847	10,950,800	457,921,000
04/24/2018	0.435338	0.469561	0.435338	0.458046	10,757,500	435,338,000
04/23/2018	0.423968	0.438266	0.422633	0.435824	7,346,400	423,968,000
04/22/2018	0.412820	0.444652	0.401102	0.425449	10,641,500	412,820,000
04/21/2018	0.405404	0.412996	0.376078	0.411410	8,605,380	405,404,000
04/20/2018	0.383429	0.418643	0.372616	0.407727	16,586,600	383,429,000
04/19/2018	0.362440	0.401703	0.353847	0.384186	27,273,800	362,440,000
04/18/2018	0.274827	0.402724	0.274630	0.361764	48,542,100	274,827,000
04/17/2018	0.271823	0.281638	0.266217	0.274953	7,087,260	271,823,000
04/16/2018	0.267449	0.273727	0.259910	0.271688	7,550,920	267,449,000
04/15/2018	0.257177	0.266862	0.257177	0.266862	4,998,180	257,177,000
04/14/2018	0.242326	0.261219	0.241163	0.257346	5,032,090	242,326,000
04/13/2018	0.234238	0.259842	0.227069	0.242100	7,614,480	234,238,000
04/12/2018	0.208478	0.233402	0.199337	0.233311	5,925,880	208,478,000
04/11/2018	0.198990	0.210221	0.197025	0.209018	4,803,470	198,990,000
04/10/2018	0.187525	0.198980	0.183323	0.198980	5,211,810	187,525,000
04/09/2018	0.199381	0.202288	0.183913	0.187006	4,486,340	199,381,000
04/08/2018	0.195090	0.202685	0.194572	0.199976	4,223,320	195,090,000
04/07/2018	0.180331	0.196904	0.180150	0.194678	4,672,030	180,331,000
04/06/2018	0.185539	0.188966	0.179205	0.180172	4,242,680	185,539,000
04/05/2018	0.187869	0.211638	0.180591	0.185819	7,091,280	187,869,000
04/04/2018	0.211399	0.211828	0.187472	0.188309	4,339,240	211,399,000
04/03/2018	0.199335	0.225461	0.199335	0.211568	10,359,800	199,335,000
04/02/2018	0.186898	0.200733	0.185507	0.199357	4,822,270	186,898,000
04/01/2018	0.195568	0.197938	0.174754	0.186136	4,474,620	195,568,000
03/31/2018	0.185831	0.195823	0.185831	0.195289	4,017,800	185,831,000
03/30/2018	0.188415	0.190857	0.176944	0.185911	4,906,680	188,415,000
03/29/2018	0.223284	0.224641	0.186172	0.188864	4,810,120	223,284,000
03/28/2018	0.224300	0.233325	0.218682	0.223775	7,325,310	224,300,000
03/27/2018	0.216780	0.261450	0.206477	0.226107	20,462,500	216,780,000
03/26/2018	0.211551	0.233671	0.184982	0.216878	11,853,000	211,551,000
03/25/2018	0.212356	0.221881	0.204398	0.210988	4,093,880	212,356,000
03/24/2018	0.214290	0.235244	0.211529	0.215019	5,436,620	214,290,000
03/23/2018	0.208129	0.211858	0.195378	0.211858	5,034,550	208,129,000
03/22/2018	0.207912	0.217945	0.192553	0.207624	3,824,490	207,912,000
03/21/2018	0.212079	0.225229	0.206217	0.208152	5,095,830	212,079,000
03/20/2018	0.206148	0.221051	0.196140	0.211607	4,744,160	206,148,000
03/19/2018	0.189039	0.206083	0.184619	0.204119	4,389,990	189,039,000
03/18/2018	0.189700	0.189917	0.156901	0.189207	5,125,320	189,700,000
03/17/2018	0.198651	0.201822	0.186630	0.190163	4,629,150	198,651,000
03/16/2018	0.196785	0.205228	0.191247	0.197728	4,389,510	196,785,000
03/15/2018	0.221354	0.225045	0.186964	0.195941	7,128,880	221,354,000
03/14/2018	0.246661	0.251562	0.215635	0.221150	4,645,650	246,661,000
03/13/2018	0.260966	0.267216	0.245337	0.246668	4,214,560	260,966,000
03/12/2018	0.272000	0.279918	0.255859	0.261717	6,952,680	272,000,000
03/11/2018	0.259900	0.280528	0.251583	0.272858	2,583,620	259,900,000
03/10/2018	0.258741	0.296706	0.258741	0.261025	4,266,990	258,741,000
03/09/2018	0.269369	0.271100	0.229460	0.259717	5,051,810	269,369,000
03/08/2018	0.298525	0.309998	0.268783	0.271218	3,217,760	298,525,000
03/07/2018	0.337471	0.346364	0.277994	0.299935	4,940,190	337,471,000
03/06/2018	0.375588	0.375588	0.334184	0.338273	3,151,660	375,588,000
03/05/2018	0.376595	0.391938	0.374227	0.375513	4,017,680	376,595,000
03/04/2018	0.378781	0.379706	0.367716	0.376859	3,257,860	378,781,000
03/03/2018	0.404781	0.406489	0.373031	0.379234	5,018,260	404,781,000
03/02/2018	0.373657	0.418654	0.369649	0.405679	13,092,800	373,657,000
03/01/2018	0.339976	0.403773	0.328186	0.374938	11,112,000	339,976,000
02/28/2018	0.364864	0.374405	0.339458	0.340086	3,183,110	364,864,000
02/27/2018	0.366952	0.378358	0.358892	0.365449	3,505,340	366,952,000
02/26/2018	0.356728	0.371857	0.349295	0.365594	2,650,280	356,728,000
02/25/2018	0.338516	0.378488	0.338516	0.356711	5,791,560	338,516,000
02/24/2018	0.357943	0.364518	0.332954	0.339745	3,452,860	357,943,000
02/23/2018	0.341099	0.365211	0.334707	0.359387	2,803,740	341,099,000
02/22/2018	0.363656	0.377960	0.336697	0.341856	3,569,820	363,656,000
02/21/2018	0.391426	0.405547	0.362684	0.363677	4,339,370	391,426,000
02/20/2018	0.426294	0.439669	0.388404	0.391724	5,555,850	426,294,000
02/19/2018	0.422276	0.437537	0.410763	0.425791	4,354,620	422,276,000
02/18/2018	0.481088	0.481088	0.415468	0.424600	4,917,400	481,088,000
02/17/2018	0.436889	0.481932	0.432206	0.479139	5,396,170	436,889,000
02/16/2018	0.413734	0.441928	0.412514	0.435563	4,964,520	413,734,000
02/15/2018	0.394789	0.428994	0.394391	0.414574	5,466,000	394,789,000
02/14/2018	0.347633	0.402257	0.346107	0.395896	4,580,830	347,633,000
02/13/2018	0.380143	0.381604	0.340399	0.347663	3,333,760	380,143,000
02/12/2018	0.335346	0.388829	0.335346	0.380451	3,689,740	335,346,000
02/11/2018	0.360629	0.360629	0.322070	0.333647	2,814,260	360,629,000
02/10/2018	0.387290	0.407441	0.343835	0.361326	4,431,120	387,290,000
02/09/2018	0.374397	0.398851	0.355634	0.387052	4,454,490	374,397,000
02/08/2018	0.340409	0.393811	0.340409	0.372876	5,728,650	340,409,000
02/07/2018	0.356010	0.383495	0.318011	0.340785	7,712,480	356,010,000
02/06/2018	0.295635	0.386630	0.231117	0.357246	9,245,340	295,635,000
02/05/2018	0.381815	0.389144	0.280792	0.295087	7,563,880	381,815,000
02/04/2018	0.447139	0.460013	0.356754	0.385504	8,016,560	447,139,000
02/03/2018	0.418332	0.466030	0.383645	0.448572	8,570,000	418,332,000
02/02/2018	0.461756	0.461756	0.326891	0.416206	7,016,480	461,756,000
02/01/2018	0.519383	0.530553	0.422669	0.462054	13,799,300	519,383,000
01/31/2018	0.509461	0.528765	0.482229	0.517065	17,508,700	509,461,000
01/30/2018	0.607354	0.608368	0.507159	0.509349	16,844,700	607,354,000
01/29/2018	0.647782	0.657008	0.593307	0.607161	19,974,100	647,782,000
01/28/2018	0.661919	0.661919	0.617460	0.650049	25,628,900	661,919,000
01/27/2018	0.558062	0.664915	0.549425	0.662215	30,672,200	558,062,000
01/26/2018	0.554540	0.563009	0.497166	0.558874	16,465,300	554,540,000
01/25/2018	0.550764	0.568472	0.540225	0.555015	19,994,100	550,764,000
01/24/2018	0.576263	0.621625	0.527145	0.543128	35,591,900	576,263,000
01/23/2018	0.514352	0.578114	0.472210	0.578114	17,113,700	514,352,000
01/22/2018	0.559888	0.574660	0.463517	0.511591	16,621,400	559,888,000
01/21/2018	0.653467	0.653467	0.522816	0.555487	10,269,600	653,467,000
01/20/2018	0.598119	0.676622	0.597418	0.652433	14,603,300	598,119,000
01/19/2018	0.586826	0.633686	0.557670	0.593371	18,967,600	586,826,000
01/18/2018	0.593239	0.660370	0.567425	0.591967	33,982,500	593,239,000
01/17/2018	0.480423	0.588240	0.350937	0.588240	26,334,000	480,423,000
01/16/2018	0.691414	0.691414	0.366936	0.483813	27,355,600	691,414,000
01/15/2018	0.660657	0.729438	0.610609	0.689569	28,859,800	660,657,000
01/14/2018	0.765929	0.765929	0.640277	0.662359	26,944,900	765,929,000
01/13/2018	0.743016	0.790479	0.734059	0.763973	29,202,700	743,017,000
01/12/2018	0.666512	0.768036	0.635554	0.742050	32,465,900	666,512,000
01/11/2018	0.800209	0.800209	0.620202	0.653207	34,119,300	800,209,000
01/10/2018	0.896923	0.896923	0.737879	0.802175	48,395,100	896,923,000
01/09/2018	0.853708	0.980702	0.816096	0.891962	86,957,600	853,708,000
01/08/2018	0.760422	0.923245	0.587154	0.848184	71,550,600	760,422,000
01/07/2018	0.662447	0.841514	0.662447	0.758233	78,834,400	662,447,000
01/06/2018	0.556086	0.749462	0.553080	0.663905	51,922,100	556,086,000
01/05/2018	0.624230	0.663463	0.524550	0.552881	46,643,000	624,230,000
01/04/2018	0.645153	0.684671	0.605694	0.634125	49,913,400	645,153,000
01/03/2018	0.565701	0.677083	0.512517	0.651219	53,393,700	565,701,000
01/02/2018	0.473987	0.628335	0.473987	0.563300	61,507,700	473,987,000
01/01/2018	0.413187	0.492197	0.391297	0.475599	23,566,200	413,187,000
12/31/2017	0.350872	0.432559	0.346350	0.412203	18,495,600	350,871,000
12/30/2017	0.379237	0.379237	0.322974	0.353930	14,934,100	379,237,000
12/29/2017	0.384596	0.402610	0.358923	0.381674	13,222,900	384,596,000
12/28/2017	0.404520	0.404520	0.330953	0.381722	16,323,400	404,520,000
12/27/2017	0.407426	0.453465	0.380762	0.406465	27,499,600	407,426,000
12/26/2017	0.389784	0.450194	0.340387	0.404879	22,083,600	389,784,000
12/25/2017	0.373529	0.461718	0.354356	0.390715	27,227,000	373,529,000
12/24/2017	0.331396	0.373256	0.287734	0.373256	9,932,210	331,396,000
12/23/2017	0.304869	0.363694	0.304869	0.327864	9,969,610	304,869,000
12/22/2017	0.371063	0.374780	0.219856	0.302083	13,553,800	371,063,000
12/21/2017	0.378768	0.412889	0.351044	0.370376	21,032,000	378,768,000
12/20/2017	0.376195	0.377025	0.320021	0.376895	16,978,500	376,195,000
12/19/2017	0.395110	0.417235	0.358429	0.375701	21,628,900	395,110,000
12/18/2017	0.312227	0.436940	0.309387	0.395567	32,789,600	312,227,000
12/17/2017	0.270604	0.351926	0.269124	0.311358	25,909,600	270,604,000
12/16/2017	0.237600	0.271318	0.237299	0.270852	12,336,400	237,600,000
12/15/2017	0.240416	0.243402	0.212466	0.235625	9,697,550	240,416,000
12/14/2017	0.237202	0.248894	0.224380	0.240201	13,308,900	237,202,000
12/13/2017	0.245033	0.254383	0.223079	0.238908	11,660,800	245,033,000
12/12/2017	0.213106	0.272181	0.203490	0.245799	30,706,800	213,106,000
12/11/2017	0.175378	0.235737	0.174918	0.210838	14,784,600	175,378,000
12/10/2017	0.184967	0.184967	0.155022	0.175097	4,934,790	184,967,000
12/09/2017	0.185408	0.199520	0.174940	0.185353	4,858,860	185,408,000
12/08/2017	0.174933	0.189441	0.169128	0.186056	5,905,930	174,933,000
12/07/2017	0.204538	0.209080	0.168851	0.173906	8,750,000	204,538,000
12/06/2017	0.224128	0.227733	0.193441	0.206024	10,626,800	224,128,000
12/05/2017	0.192188	0.226835	0.187000	0.224739	9,751,950	192,188,000
12/04/2017	0.170007	0.204616	0.169102	0.192440	7,164,930	170,007,000
12/03/2017	0.170160	0.179702	0.160182	0.170244	3,795,080	170,160,000
12/02/2017	0.177254	0.177254	0.167340	0.169221	3,125,470	177,254,000
12/01/2017	0.159462	0.178800	0.154044	0.176916	3,118,700	159,462,000
11/30/2017	0.155341	0.174726	0.140673	0.159573	3,391,230	155,341,000
11/29/2017	0.195337	0.206646	0.149889	0.151431	5,918,270	195,337,000
11/28/2017	0.186629	0.195637	0.185511	0.195462	4,521,830	186,629,000
11/27/2017	0.179267	0.188937	0.176520	0.186623	4,168,600	179,267,000
11/26/2017	0.166252	0.179395	0.165484	0.179284	4,057,580	166,252,000
11/25/2017	0.160128	0.165884	0.155781	0.165884	3,787,990	160,128,000
11/24/2017	0.158582	0.161391	0.154530	0.160319	3,428,690	158,582,000
11/23/2017	0.166951	0.167897	0.157045	0.158281	3,089,820	166,951,000
11/22/2017	0.154814	0.167832	0.154544	0.167282	3,086,240	154,814,000
11/21/2017	0.157763	0.166981	0.152876	0.154690	2,777,640	157,763,000
11/20/2017	0.159930	0.163229	0.156410	0.157709	2,961,210	159,930,000
11/19/2017	0.163459	0.164833	0.158315	0.161358	2,455,030	163,459,000
11/18/2017	0.161460	0.165633	0.155645	0.162501	3,096,680	161,460,000
11/17/2017	0.166421	0.180135	0.155159	0.160654	5,317,800	166,421,000
11/16/2017	0.144264	0.172310	0.139390	0.167167	6,494,270	144,264,000
11/15/2017	0.145754	0.149775	0.138325	0.143508	2,425,150	145,754,000
11/14/2017	0.144157	0.150544	0.135131	0.147691	2,805,450	144,157,000
11/13/2017	0.124678	0.151925	0.123785	0.143450	2,146,280	124,678,000
11/12/2017	0.138002	0.138002	0.115952	0.124914	1,549,930	138,002,000
11/11/2017	0.139728	0.145600	0.130550	0.137147	1,274,050	139,728,000
11/10/2017	0.160076	0.161125	0.134577	0.139639	1,616,760	160,076,000
11/09/2017	0.149664	0.166868	0.149175	0.160317	2,266,610	149,664,000
11/08/2017	0.141745	0.155962	0.140031	0.149248	2,300,740	141,745,000
11/07/2017	0.138018	0.145746	0.138010	0.141934	1,175,570	138,018,000
11/06/2017	0.141019	0.142481	0.135678	0.137831	1,565,290	141,019,000
11/05/2017	0.141324	0.144884	0.138791	0.140744	1,166,850	141,324,000
11/04/2017	0.146493	0.146493	0.137842	0.141719	1,581,930	146,493,000
11/03/2017	0.163697	0.166195	0.127327	0.146845	3,418,640	163,697,000
11/02/2017	0.139612	0.173177	0.127822	0.166955	5,297,190	139,612,000
11/01/2017	0.153747	0.160958	0.137936	0.138513	2,628,910	153,747,000
10/31/2017	0.146643	0.167168	0.145623	0.154904	3,375,320	146,643,000
10/30/2017	0.146109	0.150053	0.142668	0.146813	1,245,900	146,109,000
10/29/2017	0.155104	0.157035	0.143382	0.145832	2,217,180	155,104,000
10/28/2017	0.143486	0.157107	0.141414	0.155709	2,032,030	143,486,000
10/27/2017	0.147531	0.148359	0.140947	0.142509	1,306,500	147,531,000
10/26/2017	0.153503	0.157988	0.146016	0.147397	1,663,850	153,503,000
10/25/2017	0.157797	0.159296	0.145851	0.154372	2,026,480	157,797,000
10/24/2017	0.139592	0.182936	0.135826	0.157755	3,260,800	139,592,000
10/23/2017	0.141987	0.143211	0.130652	0.141128	1,366,100	141,987,000
10/22/2017	0.143761	0.153527	0.138013	0.142390	1,310,690	143,761,000
10/21/2017	0.151794	0.153950	0.133686	0.143037	2,251,220	151,794,000
10/20/2017	0.153746	0.165749	0.152009	0.152958	1,962,980	153,746,000
10/19/2017	0.162817	0.167622	0.150540	0.153714	1,773,680	162,817,000
10/18/2017	0.165556	0.165556	0.152059	0.162438	1,744,130	165,556,000
10/17/2017	0.176080	0.196566	0.161113	0.165404	4,007,820	176,080,000
10/16/2017	0.158907	0.186772	0.142035	0.176811	4,422,080	158,907,000
10/15/2017	0.176428	0.176428	0.152709	0.158654	2,073,580	176,428,000
10/14/2017	0.174831	0.183101	0.169372	0.175499	1,426,580	174,831,000
10/13/2017	0.191549	0.195089	0.162208	0.174872	4,281,620	191,549,000
10/12/2017	0.193030	0.216736	0.176242	0.190453	4,844,030	193,030,000
10/11/2017	0.194973	0.202871	0.190568	0.192717	2,858,980	194,973,000
10/10/2017	0.191329	0.204759	0.180508	0.194932	2,688,870	191,329,000
10/09/2017	0.193164	0.198343	0.169204	0.189483	3,172,310	193,164,000
10/08/2017	0.213865	0.219123	0.186132	0.192375	3,751,940	213,865,000
10/07/2017	0.232407	0.233209	0.206347	0.214372	3,773,630	232,407,000
10/06/2017	0.231080	0.240281	0.227620	0.232911	2,645,430	231,080,000
10/05/2017	0.245436	0.249845	0.224653	0.232473	4,610,980	245,436,000
10/04/2017	0.263824	0.278332	0.243234	0.243567	5,576,470	263,824,000
10/03/2017	0.254962	0.272279	0.248986	0.265634	6,341,430	254,962,000
10/02/2017	0.253671	0.258993	0.250480	0.255674	2,516,540	253,671,000
10/01/2017	0.246144	0.258949	0.244727	0.255647	2,773,310	246,144,000
09/30/2017	0.235972	0.253563	0.235277	0.246012	2,536,680	235,972,000
09/29/2017	0.249416	0.249416	0.221576	0.236986	3,098,820	249,416,000
09/28/2017	0.234497	0.258492	0.233666	0.249281	5,497,280	234,497,000
09/27/2017	0.212823	0.234976	0.207746	0.232354	2,667,880	212,823,000
09/26/2017	0.215136	0.220188	0.210506	0.213436	1,977,590	215,136,000
09/25/2017	0.198387	0.217293	0.197845	0.215173	1,913,430	198,387,000
09/24/2017	0.211823	0.214732	0.198249	0.198249	2,508,610	211,823,000
09/23/2017	0.196012	0.213278	0.192172	0.211534	2,074,220	196,012,000
09/22/2017	0.201946	0.206507	0.185872	0.196522	2,476,800	201,946,000
09/21/2017	0.222461	0.226108	0.189529	0.202765	4,504,750	222,461,000
09/20/2017	0.211856	0.230746	0.205807	0.223386	3,315,670	211,856,000
09/19/2017	0.243668	0.243668	0.211504	0.211504	4,074,760	243,668,000
09/18/2017	0.235858	0.263096	0.228814	0.245810	10,913,600	235,858,000
09/17/2017	0.220687	0.241252	0.209776	0.235859	7,105,110	220,687,000
09/16/2017	0.187841	0.234219	0.178560	0.220771	5,529,540	187,841,000
09/15/2017	0.154636	0.194920	0.137394	0.189134	3,170,150	154,636,000
09/14/2017	0.193715	0.196861	0.149747	0.153102	2,649,260	193,715,000
09/13/2017	0.211731	0.211941	0.179449	0.192960	2,182,480	211,731,000
09/12/2017	0.213367	0.229853	0.201577	0.211839	3,209,470	213,367,000
09/11/2017	0.201248	0.213383	0.194833	0.212974	1,987,890	201,248,000
09/10/2017	0.219309	0.219368	0.192669	0.200025	2,209,730	219,309,000
09/09/2017	0.216223	0.225340	0.207196	0.219077	1,684,720	216,223,000
09/08/2017	0.249008	0.249752	0.196790	0.215725	4,370,790	249,008,000
09/07/2017	0.224084	0.249728	0.215910	0.247884	3,218,150	224,084,000
09/06/2017	0.217845	0.234281	0.211744	0.225347	3,245,920	217,845,000
09/05/2017	0.202195	0.225642	0.169230	0.218497	3,374,360	202,195,000
09/04/2017	0.241998	0.241998	0.168628	0.201452	5,599,610	241,998,000
09/03/2017	0.242396	0.271964	0.225316	0.241242	3,681,780	242,396,000
09/02/2017	0.291993	0.292109	0.234706	0.244449	4,577,840	291,993,000
09/01/2017	0.272326	0.308977	0.264262	0.292161	9,031,140	272,326,000
08/31/2017	0.237641	0.285709	0.235414	0.271803	6,706,840	237,641,000
08/30/2017	0.246734	0.253316	0.222700	0.237483	3,429,980	246,734,000
08/29/2017	0.228124	0.247443	0.223189	0.246818	5,055,580	228,124,000
08/28/2017	0.210025	0.236254	0.204585	0.227662	3,780,050	210,025,000
08/27/2017	0.203652	0.211852	0.202451	0.210028	2,069,570	203,652,000
08/26/2017	0.205165	0.208820	0.196753	0.203715	2,347,060	205,165,000
08/25/2017	0.205792	0.228791	0.202964	0.204303	2,550,250	205,792,000
08/24/2017	0.195281	0.207660	0.192801	0.205144	2,158,190	195,281,000
08/23/2017	0.189461	0.206971	0.186309	0.198384	2,657,560	189,461,000
08/22/2017	0.195342	0.198231	0.172232	0.189982	2,433,270	195,342,000
08/21/2017	0.206389	0.207054	0.191274	0.195028	2,880,320	206,389,000
08/20/2017	0.211430	0.211901	0.197134	0.206131	2,804,550	211,430,000
08/19/2017	0.213276	0.224282	0.188087	0.212615	3,651,390	213,276,000
08/18/2017	0.250854	0.250854	0.198555	0.215015	6,258,620	250,854,000
08/17/2017	0.219996	0.295392	0.211332	0.252561	25,143,200	219,996,000
08/16/2017	0.195755	0.218762	0.187434	0.218762	3,915,400	195,755,000
08/15/2017	0.197602	0.197835	0.174689	0.194342	3,252,610	197,602,000
08/14/2017	0.211863	0.219190	0.184978	0.197186	4,794,070	211,863,000
08/13/2017	0.209953	0.214369	0.187256	0.212219	4,451,430	209,953,000
08/12/2017	0.229814	0.231006	0.199048	0.209644	6,035,220	229,814,000
08/11/2017	0.198731	0.246374	0.189232	0.229309	14,151,000	198,731,000
08/10/2017	0.160163	0.215128	0.151108	0.199868	8,292,790	160,163,000
08/09/2017	0.170796	0.173222	0.157708	0.161036	2,081,780	170,796,000
08/08/2017	0.171663	0.184845	0.161222	0.170829	3,251,710	171,663,000
08/07/2017	0.165905	0.192330	0.157654	0.170751	4,039,340	165,905,000
08/06/2017	0.159102	0.174001	0.148619	0.167751	3,754,110	159,102,000
08/05/2017	0.140526	0.167292	0.137340	0.159064	2,407,170	140,526,000
08/04/2017	0.140756	0.150016	0.133684	0.139927	3,161,290	140,756,000
08/03/2017	0.116627	0.140694	0.113685	0.140694	2,366,370	116,627,000
08/02/2017	0.120649	0.131595	0.112906	0.116111	1,744,330	120,649,000
08/01/2017	0.104245	0.128921	0.100020	0.120664	2,482,780	104,245,000
07/31/2017	0.100739	0.104584	0.097958	0.104220	1,389,760	100,739,000
07/30/2017	0.108110	0.109277	0.100129	0.100651	872,950	108,110,000
07/29/2017	0.105650	0.108229	0.100309	0.108229	762,957	105,650,000
07/28/2017	0.115428	0.115442	0.105185	0.107068	1,635,930	115,428,000
07/27/2017	0.121414	0.124126	0.113375	0.114837	1,182,110	121,414,000
07/26/2017	0.116916	0.121375	0.105376	0.121197	1,397,260	116,916,000
07/25/2017	0.144234	0.158710	0.114821	0.117279	3,401,390	144,234,000
07/24/2017	0.127953	0.168806	0.121486	0.144172	4,271,920	127,953,000
07/23/2017	0.136293	0.138662	0.118182	0.129342	1,630,410	136,293,000
07/22/2017	0.102672	0.134748	0.102672	0.134653	1,774,790	102,672,000
07/21/2017	0.099334	0.106447	0.096932	0.102899	953,786	99,333,600
07/20/2017	0.082399	0.100526	0.082298	0.098187	1,164,030	82,399,300
07/19/2017	0.096023	0.099194	0.079181	0.081988	1,404,020	96,023,000
07/18/2017	0.088563	0.102722	0.084905	0.095676	1,126,870	88,563,200
07/17/2017	0.071688	0.089585	0.071585	0.088821	736,536	71,687,600
07/16/2017	0.078505	0.079295	0.066209	0.071781	676,056	78,504,800
07/15/2017	0.086559	0.086673	0.076320	0.078687	554,900	86,558,900
07/14/2017	0.091190	0.092632	0.082882	0.086166	739,315	91,190,300
07/13/2017	0.102564	0.103251	0.088281	0.091283	900,748	102,564,000
07/12/2017	0.088000	0.102524	0.081807	0.101409	1,141,360	88,000,200
07/11/2017	0.089364	0.095027	0.080146	0.088201	1,465,010	89,363,600
07/10/2017	0.107231	0.112142	0.085872	0.089701	1,313,930	107,231,000
07/09/2017	0.104821	0.110446	0.103561	0.106766	1,158,370	104,821,000
07/08/2017	0.107888	0.109217	0.097161	0.105570	1,420,600	107,888,000
07/07/2017	0.120991	0.123085	0.102212	0.107727	1,545,740	120,991,000
07/06/2017	0.129022	0.130231	0.116971	0.121223	1,763,210	129,022,000
07/05/2017	0.131036	0.132450	0.125043	0.128955	1,464,870	131,036,000
07/04/2017	0.130143	0.139744	0.128315	0.131304	1,956,940	130,143,000
07/03/2017	0.123965	0.133920	0.122968	0.128747	2,218,720	123,965,000
07/02/2017	0.130978	0.132849	0.112970	0.124109	3,171,200	130,978,000
07/01/2017	0.137327	0.142716	0.125658	0.130854	1,856,100	137,327,000
06/30/2017	0.155257	0.157021	0.136025	0.136025	1,558,240	155,257,000
06/29/2017	0.174455	0.174849	0.152339	0.154906	1,880,280	174,455,000
06/28/2017	0.153965	0.175570	0.145584	0.173771	2,624,600	153,965,000
06/27/2017	0.156799	0.160657	0.122676	0.152734	3,861,500	156,799,000
06/26/2017	0.170003	0.176001	0.139237	0.151785	3,398,570	170,003,000
06/25/2017	0.184799	0.188892	0.158606	0.170223	2,662,640	184,799,000
06/24/2017	0.201123	0.203272	0.176831	0.186039	2,256,800	201,123,000
06/23/2017	0.177803	0.204396	0.173222	0.198476	3,165,000	177,803,000
06/22/2017	0.187434	0.187434	0.175794	0.178160	2,615,650	187,434,000
06/21/2017	0.190874	0.196532	0.183393	0.187384	3,436,530	190,874,000
06/20/2017	0.181185	0.197655	0.179581	0.191778	3,728,710	181,185,000
06/19/2017	0.197917	0.202943	0.180147	0.181102	5,328,250	197,917,000
06/18/2017	0.210064	0.212948	0.194808	0.197482	2,829,350	210,064,000
06/17/2017	0.231731	0.231731	0.206255	0.208400	5,614,210	231,731,000
06/16/2017	0.212512	0.246001	0.186373	0.232775	12,209,000	212,512,000
06/15/2017	0.170145	0.218198	0.144954	0.215435	6,576,040	170,145,000
06/14/2017	0.193745	0.197086	0.162635	0.169383	3,766,080	193,745,000
06/13/2017	0.182940	0.201300	0.174497	0.194538	5,539,180	182,940,000
06/12/2017	0.182321	0.212659	0.152264	0.182798	7,175,260	182,321,000
06/11/2017	0.195443	0.205489	0.176550	0.182229	6,837,190	195,443,000
06/10/2017	0.224807	0.232437	0.194228	0.197021	8,265,660	224,807,000
06/09/2017	0.222104	0.239072	0.216599	0.225080	5,996,870	222,104,000
06/08/2017	0.239285	0.256475	0.213869	0.223217	8,890,730	239,285,000
06/07/2017	0.259213	0.280704	0.228324	0.238590	11,149,700	259,213,000
06/06/2017	0.291649	0.306674	0.254038	0.260062	10,708,800	291,649,000
06/05/2017	0.285023	0.329910	0.269752	0.291661	14,297,400	285,023,000
06/04/2017	0.165980	0.352430	0.164857	0.285542	27,578,300	165,980,000
06/03/2017	0.156534	0.185107	0.154692	0.166049	4,738,010	156,534,000
06/02/2017	0.171186	0.171238	0.153540	0.156576	3,121,920	171,186,000
06/01/2017	0.168230	0.175339	0.146197	0.171036	4,373,940	-
