Date	Open	High	Low	Close	Volume	Market Cap
07/15/2018	0.295928	0.309225	0.291284	0.304398	56,165,400	296,668,000
07/14/2018	0.293503	0.298848	0.288379	0.294101	51,597,100	294,237,000
07/13/2018	0.302378	0.309332	0.291049	0.293630	44,228,000	303,134,000
07/12/2018	0.314178	0.314178	0.290430	0.300670	54,088,900	314,963,000
07/11/2018	0.319635	0.330460	0.289285	0.312198	71,780,600	320,434,000
07/10/2018	0.350952	0.352826	0.318319	0.318959	60,727,500	351,829,000
07/09/2018	0.379079	0.385136	0.352403	0.352647	82,291,400	380,026,000
07/08/2018	0.390355	0.395877	0.377649	0.379363	59,669,500	391,331,000
07/07/2018	0.387393	0.390353	0.375356	0.389765	63,393,600	388,361,000
07/06/2018	0.384960	0.399398	0.356496	0.389463	86,326,100	385,922,000
07/05/2018	0.400209	0.404947	0.379258	0.385851	78,911,100	401,209,000
07/04/2018	0.396228	0.419724	0.380481	0.400814	91,437,900	397,218,000
07/03/2018	0.406878	0.423030	0.393341	0.394983	80,162,800	407,895,000
07/02/2018	0.373470	0.418188	0.367481	0.408240	92,843,100	374,403,000
07/01/2018	0.371500	0.375801	0.363930	0.373490	129,049,000	372,428,000
06/30/2018	0.356119	0.375818	0.355376	0.369861	76,161,400	357,009,000
06/29/2018	0.336358	0.364702	0.336358	0.355870	59,430,300	337,199,000
06/28/2018	0.369284	0.371527	0.333485	0.336189	59,084,500	370,206,000
06/27/2018	0.333543	0.377107	0.330732	0.369280	58,743,000	334,377,000
06/26/2018	0.372022	0.380959	0.333168	0.333168	61,536,000	372,951,000
06/25/2018	0.366040	0.392479	0.346579	0.371949	88,078,700	366,955,000
06/24/2018	0.408189	0.408594	0.324489	0.366683	65,796,000	409,210,000
06/23/2018	0.424226	0.432991	0.396598	0.409148	78,099,900	425,286,000
06/22/2018	0.503274	0.506189	0.419849	0.424201	108,241,000	504,532,000
06/21/2018	0.517963	0.523461	0.502692	0.506338	53,987,000	519,258,000
06/20/2018	0.543462	0.545952	0.511466	0.518801	82,091,600	544,820,000
06/19/2018	0.560857	0.564760	0.529607	0.542322	109,156,000	562,259,000
06/18/2018	0.567033	0.569149	0.532147	0.560509	88,543,700	568,450,000
06/17/2018	0.575224	0.588736	0.553897	0.567134	81,583,100	576,662,000
06/16/2018	0.559900	0.602962	0.557826	0.573768	78,182,000	561,300,000
06/15/2018	0.531075	0.590540	0.512044	0.560781	109,057,000	532,403,000
06/14/2018	0.513260	0.541356	0.495116	0.530664	41,351,000	514,542,000
06/13/2018	0.493443	0.545727	0.480788	0.512597	79,669,600	487,029,000
06/12/2018	0.534398	0.534398	0.486956	0.490362	93,156,400	527,451,000
06/11/2018	0.520102	0.538825	0.496411	0.534007	96,503,700	513,340,000
06/10/2018	0.622900	0.622900	0.510317	0.517431	63,027,600	614,802,000
06/09/2018	0.629194	0.640231	0.619096	0.621704	49,334,700	621,014,000
06/08/2018	0.634809	0.640562	0.619132	0.629156	69,668,400	626,557,000
06/07/2018	0.645641	0.654598	0.627957	0.630861	47,160,100	637,248,000
06/06/2018	0.656376	0.657237	0.632300	0.644719	68,950,000	647,843,000
06/05/2018	0.653387	0.664322	0.625333	0.656888	70,659,800	644,893,000
06/04/2018	0.693855	0.713623	0.644675	0.653582	75,436,900	684,835,000
06/03/2018	0.664243	0.711560	0.657121	0.692611	79,442,200	655,608,000
06/02/2018	0.635422	0.669549	0.625626	0.664687	69,262,000	627,162,000
06/01/2018	0.643750	0.645476	0.619934	0.637228	81,750,300	635,381,000
05/31/2018	0.628040	0.656023	0.624140	0.643955	60,248,300	619,875,000
05/30/2018	0.641542	0.656788	0.619062	0.626375	72,639,700	633,202,000
05/29/2018	0.611116	0.651173	0.605347	0.640355	52,894,800	603,172,000
05/28/2018	0.673993	0.674493	0.603398	0.615451	79,306,900	665,231,000
05/27/2018	0.635865	0.675690	0.618104	0.671745	72,674,600	627,599,000
05/26/2018	0.618023	0.656973	0.611752	0.635019	61,503,900	609,989,000
05/25/2018	0.633432	0.635055	0.601216	0.621024	61,397,100	625,197,000
05/24/2018	0.577379	0.634559	0.573892	0.631316	49,205,800	569,873,000
05/23/2018	0.643415	0.647842	0.571994	0.584433	70,335,700	635,050,000
05/22/2018	0.725183	0.725183	0.644830	0.647381	69,787,200	715,756,000
05/21/2018	0.737953	0.790026	0.705099	0.724989	82,674,500	728,359,000
05/20/2018	0.621085	0.772691	0.611097	0.736573	115,466,000	613,011,000
05/19/2018	0.633796	0.634931	0.606227	0.620802	56,259,400	625,557,000
05/18/2018	0.615911	0.634593	0.604312	0.634593	57,026,400	607,905,000
05/17/2018	0.654121	0.667584	0.609590	0.616358	45,860,100	645,618,000
05/16/2018	0.668797	0.673064	0.630936	0.653183	74,536,100	660,103,000
05/15/2018	0.676169	0.706286	0.661107	0.671438	64,870,100	667,379,000
05/14/2018	0.703587	0.719750	0.647235	0.676984	83,398,800	694,441,000
05/13/2018	0.634723	0.711001	0.614388	0.704034	58,779,500	626,472,000
05/12/2018	0.662295	0.683188	0.556174	0.635538	73,787,700	653,685,000
05/11/2018	0.761516	0.783929	0.661547	0.667394	69,756,000	751,617,000
05/10/2018	0.778682	0.816122	0.760092	0.762270	80,474,400	768,559,000
05/09/2018	0.789803	0.795590	0.754723	0.778825	73,046,100	779,535,000
05/08/2018	0.853301	0.856379	0.772279	0.789769	54,639,000	842,208,000
05/07/2018	0.801130	0.866577	0.720146	0.850203	115,798,000	790,715,000
05/06/2018	0.873882	0.873882	0.778178	0.801049	96,963,000	862,522,000
05/05/2018	0.919530	0.942026	0.866112	0.879017	83,483,500	907,577,000
05/04/2018	0.920169	0.962074	0.903080	0.926755	116,282,000	908,207,000
05/03/2018	0.972983	0.974193	0.904391	0.916991	110,371,000	960,335,000
05/02/2018	0.999215	1.00	0.964721	0.974556	103,856,000	986,226,000
05/01/2018	1.01	1.01	0.949910	1.00	74,258,900	993,775,000
04/30/2018	1.07	1.13	0.999322	1.01	147,323,000	1,059,650,000
04/29/2018	1.03	1.08	0.959268	1.07	187,142,000	1,012,610,000
04/28/2018	0.955967	1.06	0.953648	1.03	162,734,000	943,539,000
04/27/2018	1.02	1.08	0.962025	0.962025	141,937,000	1,009,100,000
04/26/2018	0.933969	1.02	0.898208	1.02	139,969,000	921,827,000
04/25/2018	1.08	1.08	0.892026	0.927947	195,327,000	1,061,450,000
04/24/2018	1.17	1.17	1.05	1.08	240,029,000	1,159,510,000
04/23/2018	0.900648	1.17	0.900648	1.17	272,245,000	888,939,000
04/22/2018	0.899194	0.923397	0.867143	0.900155	98,082,900	887,505,000
04/21/2018	0.953196	0.953724	0.860583	0.891184	83,729,600	940,805,000
04/20/2018	0.932152	0.972146	0.925198	0.952807	86,312,200	920,034,000
04/19/2018	0.939799	0.950313	0.922747	0.930646	91,261,500	927,582,000
04/18/2018	0.858028	0.979143	0.851165	0.938296	113,184,000	846,874,000
04/17/2018	0.844292	0.902212	0.841477	0.857307	56,024,000	833,316,000
04/16/2018	0.894996	0.896803	0.811280	0.841389	51,156,400	883,361,000
04/15/2018	0.887775	0.940086	0.883600	0.896012	68,230,000	876,234,000
04/14/2018	0.938341	0.981195	0.812606	0.886920	86,198,800	926,143,000
04/13/2018	0.833012	1.05	0.803732	0.956020	125,282,000	822,183,000
04/12/2018	0.662203	0.850707	0.645859	0.832262	90,434,300	653,594,000
04/11/2018	0.596951	0.661154	0.586665	0.661154	36,667,700	589,191,000
04/10/2018	0.527076	0.596126	0.519262	0.596126	23,778,900	520,224,000
04/09/2018	0.520499	0.533340	0.497810	0.526047	19,500,600	513,733,000
04/08/2018	0.533237	0.533237	0.511955	0.519665	14,453,200	526,304,000
04/07/2018	0.491384	0.545909	0.489977	0.532432	23,433,800	484,996,000
04/06/2018	0.486061	0.490631	0.466109	0.490144	13,293,400	479,742,000
04/05/2018	0.465820	0.488334	0.452666	0.487312	15,404,600	459,764,000
04/04/2018	0.492710	0.496798	0.455678	0.467430	15,486,500	486,305,000
04/03/2018	0.494810	0.495442	0.481076	0.490948	16,851,500	488,378,000
04/02/2018	0.476298	0.501397	0.464065	0.495052	17,897,000	470,107,000
04/01/2018	0.528708	0.529476	0.427888	0.474539	30,161,800	521,834,000
03/31/2018	0.545078	0.564901	0.507657	0.529701	35,333,000	537,992,000
03/30/2018	0.432225	0.543117	0.412501	0.541573	33,555,500	426,606,000
03/29/2018	0.448009	0.502137	0.419452	0.433959	34,323,700	442,185,000
03/28/2018	0.387512	0.455588	0.384847	0.447776	26,093,200	382,475,000
03/27/2018	0.385637	0.401031	0.366137	0.386410	15,533,100	380,624,000
03/26/2018	0.376452	0.417637	0.366145	0.387971	24,707,000	371,558,000
03/25/2018	0.374226	0.384463	0.364708	0.376087	12,620,500	369,361,000
03/24/2018	0.387928	0.392306	0.364247	0.378515	18,492,000	382,885,000
03/23/2018	0.351303	0.383640	0.331567	0.383640	15,523,400	346,736,000
03/22/2018	0.354531	0.369761	0.335180	0.350573	17,083,500	349,922,000
03/21/2018	0.347729	0.366898	0.345983	0.353450	13,977,700	343,209,000
03/20/2018	0.350386	0.358711	0.328939	0.346615	13,434,800	345,831,000
03/19/2018	0.324581	0.346365	0.313514	0.346365	16,550,800	320,361,000
03/18/2018	0.332781	0.332781	0.271390	0.324652	16,825,000	328,455,000
03/17/2018	0.355638	0.356228	0.329029	0.332835	9,965,540	351,015,000
03/16/2018	0.351299	0.365754	0.340560	0.354456	12,279,100	346,732,000
03/15/2018	0.341619	0.353351	0.321194	0.351605	14,834,900	337,178,000
03/14/2018	0.369324	0.389479	0.329710	0.341664	16,621,200	364,523,000
03/13/2018	0.359024	0.376559	0.355953	0.369283	11,574,800	354,357,000
03/12/2018	0.367786	0.382742	0.342388	0.360140	27,333,900	363,004,000
03/11/2018	0.346733	0.375392	0.336178	0.368462	12,555,700	342,226,000
03/10/2018	0.363006	0.371980	0.342487	0.342752	16,803,700	358,287,000
03/09/2018	0.351259	0.363246	0.309712	0.361822	15,482,500	346,692,000
03/08/2018	0.372776	0.396767	0.343307	0.351859	13,547,700	367,930,000
03/07/2018	0.408398	0.426499	0.360197	0.371210	14,768,700	403,089,000
03/06/2018	0.464195	0.464195	0.402853	0.410241	19,253,200	458,161,000
03/05/2018	0.425246	0.468456	0.420549	0.462808	23,175,900	419,718,000
03/04/2018	0.398463	0.424752	0.392187	0.424752	16,686,700	393,283,000
03/03/2018	0.395039	0.404523	0.377926	0.397328	14,081,800	389,903,000
03/02/2018	0.347803	0.412816	0.347123	0.393655	21,373,100	343,281,000
03/01/2018	0.341199	0.354381	0.336421	0.348532	10,778,600	336,763,000
02/28/2018	0.347695	0.358656	0.338308	0.338308	9,744,320	343,175,000
02/27/2018	0.346095	0.356445	0.341400	0.348388	9,024,360	341,595,000
02/26/2018	0.325066	0.349593	0.318469	0.345483	8,570,450	320,840,000
02/25/2018	0.330615	0.336003	0.315250	0.325200	9,067,020	326,317,000
02/24/2018	0.344924	0.353818	0.322089	0.333358	12,486,000	340,440,000
02/23/2018	0.324054	0.354955	0.317099	0.344888	13,115,700	319,841,000
02/22/2018	0.334909	0.362236	0.316478	0.321004	12,982,900	330,555,000
02/21/2018	0.363680	0.366547	0.323070	0.335012	11,532,700	358,952,000
02/20/2018	0.383209	0.387159	0.361708	0.364028	9,664,300	378,227,000
02/19/2018	0.368273	0.386922	0.368273	0.383285	10,634,400	363,486,000
02/18/2018	0.402519	0.402867	0.367415	0.368092	16,465,300	397,286,000
02/17/2018	0.388672	0.401683	0.386109	0.401651	10,572,900	383,619,000
02/16/2018	0.383823	0.390024	0.369512	0.388164	14,772,900	378,834,000
02/15/2018	0.389460	0.396486	0.374306	0.382733	12,725,400	384,397,000
02/14/2018	0.355848	0.389876	0.355848	0.387373	12,739,500	351,222,000
02/13/2018	0.367228	0.370715	0.345617	0.356415	10,308,400	362,454,000
02/12/2018	0.354994	0.375997	0.354678	0.370933	11,965,000	350,380,000
02/11/2018	0.353863	0.371461	0.326838	0.352661	11,753,200	349,263,000
02/10/2018	0.351075	0.382000	0.340431	0.355397	14,932,000	346,511,000
02/09/2018	0.293792	0.354215	0.281304	0.349935	17,166,800	289,973,000
02/08/2018	0.273515	0.310185	0.273515	0.294390	13,066,600	269,959,000
02/07/2018	0.291953	0.313885	0.263026	0.274488	15,598,700	288,157,000
02/06/2018	0.250196	0.293873	0.203709	0.293222	16,925,100	246,944,000
02/05/2018	0.304768	0.309395	0.231161	0.250006	13,813,500	300,806,000
02/04/2018	0.354766	0.355580	0.295010	0.306456	14,943,800	350,154,000
02/03/2018	0.331559	0.366414	0.314536	0.353657	14,233,100	327,249,000
02/02/2018	0.350487	0.350487	0.287255	0.332201	16,831,000	345,931,000
02/01/2018	0.384697	0.396264	0.323375	0.350179	21,235,600	379,696,000
01/31/2018	0.373034	0.393065	0.358434	0.383540	22,362,000	368,184,000
01/30/2018	0.415115	0.429161	0.364616	0.375421	17,302,100	409,719,000
01/29/2018	0.425850	0.435975	0.403509	0.416411	21,266,700	420,314,000
01/28/2018	0.438077	0.453231	0.420601	0.427249	26,914,000	432,382,000
01/27/2018	0.446015	0.446015	0.418338	0.436678	22,111,100	440,217,000
01/26/2018	0.442697	0.479459	0.391396	0.447029	32,301,600	436,942,000
01/25/2018	0.397069	0.475129	0.394308	0.443973	32,813,200	391,907,000
01/24/2018	0.354101	0.399506	0.335957	0.393130	31,788,400	349,498,000
01/23/2018	0.348309	0.373034	0.310499	0.354101	21,135,300	343,781,000
01/22/2018	0.361262	0.391725	0.320534	0.349231	22,923,800	356,566,000
01/21/2018	0.440214	0.440214	0.345161	0.357950	17,124,800	434,491,000
01/20/2018	0.374118	0.454452	0.374118	0.438846	23,459,400	369,254,000
01/19/2018	0.341448	0.389717	0.315513	0.372667	30,176,000	337,010,000
01/18/2018	0.368030	0.392633	0.316457	0.347890	38,867,000	363,245,000
01/17/2018	0.330390	0.365096	0.248950	0.357202	41,490,200	326,095,000
01/16/2018	0.527220	0.527220	0.290911	0.331953	42,643,200	520,366,000
01/15/2018	0.585912	0.614021	0.526158	0.526158	34,862,400	578,295,000
01/14/2018	0.679340	0.681605	0.541674	0.590535	39,919,900	670,508,000
01/13/2018	0.621158	0.692272	0.621158	0.677646	40,008,300	613,083,000
01/12/2018	0.521054	0.698924	0.515030	0.622783	45,092,300	514,280,000
01/11/2018	0.575130	0.585846	0.477035	0.539714	53,791,100	567,654,000
01/10/2018	0.559055	0.574912	0.503156	0.574632	40,342,000	551,787,000
01/09/2018	0.550250	0.570867	0.521246	0.557884	36,810,400	543,097,000
01/08/2018	0.583008	0.599445	0.467206	0.554813	38,719,900	575,429,000
01/07/2018	0.582609	0.617010	0.561444	0.580946	53,089,900	575,035,000
01/06/2018	0.519769	0.596117	0.515981	0.582161	49,606,100	513,012,000
01/05/2018	0.510117	0.625961	0.491360	0.516177	52,703,000	503,485,000
01/04/2018	0.430439	0.509796	0.398592	0.504321	39,705,000	424,843,000
01/03/2018	0.380046	0.438845	0.358436	0.429765	28,385,300	375,105,000
01/02/2018	0.367461	0.391817	0.367461	0.379601	21,608,200	362,684,000
01/01/2018	0.357302	0.373368	0.339326	0.366796	14,426,400	352,657,000
12/31/2017	0.325364	0.364711	0.314814	0.357182	13,214,400	321,135,000
12/30/2017	0.374947	0.375362	0.305452	0.328751	13,880,600	370,073,000
12/29/2017	0.361710	0.387779	0.358050	0.377743	12,630,800	357,008,000
12/28/2017	0.393032	0.395570	0.334548	0.360562	13,967,700	387,922,000
12/27/2017	0.416869	0.435138	0.372931	0.395919	10,264,400	411,449,000
12/26/2017	0.384416	0.434664	0.375345	0.414793	11,689,600	379,418,000
12/25/2017	0.331330	0.398490	0.326909	0.384580	9,554,590	327,022,000
12/24/2017	0.355699	0.355699	0.293574	0.330215	6,493,070	351,075,000
12/23/2017	0.337297	0.376790	0.330035	0.353515	8,250,570	332,912,000
12/22/2017	0.419622	0.427099	0.287294	0.336227	11,857,600	414,167,000
12/21/2017	0.455612	0.499765	0.381453	0.420334	19,370,400	449,689,000
12/20/2017	0.386028	0.469675	0.315365	0.456177	19,471,600	381,010,000
12/19/2017	0.396931	0.438081	0.290506	0.381216	12,780,100	391,771,000
12/18/2017	0.282258	0.399175	0.242669	0.397121	11,652,600	278,588,000
12/17/2017	0.243338	0.296143	0.242382	0.282198	6,284,440	240,175,000
12/16/2017	0.215697	0.248358	0.215198	0.243677	4,182,410	212,892,000
12/15/2017	0.220614	0.223194	0.186104	0.215239	3,434,420	217,746,000
12/14/2017	0.175118	0.228292	0.167170	0.221251	4,609,020	172,842,000
12/13/2017	0.176523	0.184221	0.168892	0.175740	2,259,650	174,228,000
12/12/2017	0.165922	0.178454	0.155096	0.176456	2,590,350	163,765,000
12/11/2017	0.155648	0.167031	0.154280	0.167031	1,094,120	153,625,000
12/10/2017	0.163177	0.171767	0.141425	0.155691	1,265,330	161,056,000
12/09/2017	0.174442	0.182464	0.152428	0.162896	1,424,510	172,174,000
12/08/2017	0.165261	0.174431	0.135802	0.174328	2,722,610	163,113,000
12/07/2017	0.195472	0.204001	0.160003	0.163900	4,717,310	192,931,000
12/06/2017	0.124397	0.195998	0.121862	0.195308	8,304,510	122,779,000
12/05/2017	0.122982	0.129125	0.119848	0.124809	2,660,210	121,383,000
12/04/2017	0.120018	0.123586	0.110496	0.122676	2,762,190	118,458,000
12/03/2017	0.114454	0.130639	0.114073	0.119593	2,515,190	112,966,000
12/02/2017	0.115893	0.117571	0.110081	0.114368	1,912,110	114,386,000
12/01/2017	0.107805	0.120269	0.103083	0.115894	2,021,420	106,403,000
11/30/2017	0.110843	0.119192	0.095285	0.108253	2,036,190	109,402,000
11/29/2017	0.128083	0.133439	0.106079	0.110031	1,524,000	126,418,000
11/28/2017	0.128122	0.137914	0.127253	0.128041	1,252,560	126,456,000
11/27/2017	0.104583	0.138232	0.102516	0.127820	2,102,660	103,223,000
11/26/2017	0.106708	0.108936	0.101793	0.104591	749,140	105,321,000
11/25/2017	0.107875	0.111252	0.104253	0.106942	538,207	106,472,000
11/24/2017	0.114419	0.115728	0.104443	0.107820	859,158	112,931,000
11/23/2017	0.117617	0.119939	0.111351	0.114827	824,948	116,088,000
11/22/2017	0.109173	0.119612	0.109061	0.117212	667,485	107,754,000
11/21/2017	0.115544	0.117098	0.108080	0.109343	600,951	114,042,000
11/20/2017	0.115271	0.118963	0.113172	0.115654	479,031	113,773,000
11/19/2017	0.115717	0.120151	0.112283	0.115123	439,347	114,213,000
11/18/2017	0.108307	0.116759	0.106068	0.115495	453,563	106,899,000
11/17/2017	0.112636	0.114200	0.106139	0.108486	491,313	111,172,000
11/16/2017	0.108313	0.119352	0.106362	0.111885	677,778	106,904,000
11/15/2017	0.110663	0.115178	0.105160	0.107864	627,420	109,225,000
11/14/2017	0.114599	0.119136	0.103787	0.110611	637,770	113,110,000
11/13/2017	0.118672	0.122390	0.111980	0.114384	586,754	117,129,000
11/12/2017	0.130456	0.131081	0.113161	0.118827	570,455	128,760,000
11/11/2017	0.116019	0.133245	0.115370	0.133063	650,400	114,511,000
11/10/2017	0.126964	0.129753	0.113349	0.116036	401,483	125,314,000
11/09/2017	0.128500	0.133376	0.123590	0.126844	557,149	126,829,000
11/08/2017	0.116597	0.134195	0.113489	0.129785	732,200	115,081,000
11/07/2017	0.103812	0.119239	0.103031	0.116750	562,314	102,463,000
11/06/2017	0.110076	0.112285	0.103570	0.103933	375,120	108,645,000
11/05/2017	0.117846	0.120001	0.108970	0.110088	489,051	116,314,000
11/04/2017	0.114207	0.121291	0.103645	0.117852	627,612	112,722,000
11/03/2017	0.090754	0.121510	0.088646	0.114245	804,364	89,574,000
11/02/2017	0.084386	0.091357	0.077985	0.088314	551,671	83,288,500
11/01/2017	0.087655	0.088158	0.082392	0.085396	279,181	86,515,500
10/31/2017	0.087889	0.091833	0.085644	0.086957	292,197	86,746,400
10/30/2017	0.081411	0.088762	0.078424	0.087735	342,570	80,352,300
10/29/2017	0.078600	0.083908	0.074344	0.081642	259,818	77,578,300
10/28/2017	0.084761	0.085143	0.076934	0.078606	161,536	83,659,100
10/27/2017	0.073110	0.089270	0.072452	0.084648	393,531	72,159,800
10/26/2017	0.073394	0.078420	0.070654	0.073120	114,657	72,439,700
10/25/2017	0.074648	0.076100	0.067168	0.072968	151,472	73,677,600
10/24/2017	0.076378	0.080563	0.072807	0.074579	163,303	75,384,800
10/23/2017	0.078567	0.079032	0.071259	0.076476	101,585	77,545,900
10/22/2017	0.081452	0.083755	0.077523	0.078632	67,630	80,393,200
10/21/2017	0.087497	0.087497	0.078091	0.081448	58,840	86,359,100
10/20/2017	0.088440	0.090209	0.084822	0.088095	147,662	87,290,500
10/19/2017	0.093350	0.094476	0.087152	0.088265	142,962	92,136,600
10/18/2017	0.093203	0.094224	0.084465	0.093540	180,520	91,991,000
10/17/2017	0.099186	0.101570	0.091848	0.094206	248,093	97,897,100
10/16/2017	0.097686	0.101210	0.092965	0.098831	164,060	96,416,000
10/15/2017	0.097911	0.100562	0.087194	0.097465	108,221	96,638,600
10/14/2017	0.082431	0.107226	0.080444	0.097063	177,569	81,359,200
10/13/2017	0.082228	0.089727	0.077249	0.082699	129,340	81,159,100
10/12/2017	0.077474	0.084488	0.074750	0.082269	145,498	76,466,600
10/11/2017	0.066416	0.083272	0.062605	0.077470	96,426	65,552,900
10/10/2017	0.080268	0.080268	0.054837	0.066420	300,982	79,224,700
10/09/2017	0.079872	0.086651	0.077383	0.079878	76,588	78,833,700
10/08/2017	0.089235	0.091805	0.075647	0.079839	123,010	88,074,700
10/07/2017	0.095099	0.097737	0.075809	0.088740	123,146	93,862,400
10/06/2017	0.096010	0.099164	0.089621	0.095975	100,707	94,761,900
10/05/2017	0.098812	0.100694	0.095340	0.095917	134,367	97,528,000
10/04/2017	0.101462	0.103667	0.095446	0.098774	110,372	100,143,000
10/03/2017	0.102847	0.106667	0.097527	0.101226	138,255	101,510,000
10/02/2017	0.109630	0.115580	0.098909	0.101931	103,832	108,205,000
10/01/2017	0.106908	0.117901	0.101690	0.109201	234,758	105,518,000
09/30/2017	0.109609	0.111215	0.100643	0.106659	140,640	108,184,000
09/29/2017	0.104224	0.112747	0.091216	0.109507	152,087	102,869,000
09/28/2017	0.100021	0.106393	0.094176	0.104185	146,314	98,720,900
09/27/2017	0.100402	0.108525	0.089172	0.103423	142,389	99,097,000
09/26/2017	0.106878	0.108108	0.095872	0.100605	100,199	105,489,000
09/25/2017	0.109264	0.114137	0.089025	0.104860	209,318	107,844,000
09/24/2017	0.073362	0.121754	0.072986	0.107556	392,543	72,408,800
09/23/2017	0.069552	0.076724	0.065438	0.073366	144,667	68,647,500
09/22/2017	0.062086	0.080444	0.055548	0.069666	174,161	61,278,400
09/21/2017	0.045896	0.060953	0.044966	0.060953	128,745	45,299,100
09/20/2017	0.048064	0.049310	0.045199	0.046037	43,725	47,439,100
09/19/2017	0.050778	0.053588	0.045371	0.048224	84,345	50,117,700
09/18/2017	0.044527	0.052110	0.043340	0.050628	175,066	43,948,300
09/17/2017	0.045408	0.046972	0.039831	0.044561	135,199	44,817,600
09/16/2017	0.045178	0.047697	0.042195	0.045474	142,071	44,590,600
09/15/2017	0.039517	0.047606	0.037398	0.044417	405,219	39,003,600
09/14/2017	0.039436	0.040059	0.034516	0.039367	532,320	38,923,100
09/13/2017	0.043476	0.045393	0.035916	0.039484	560,776	42,910,400
09/12/2017	0.045235	0.048768	0.041166	0.041766	5,085	44,646,900
09/11/2017	0.045212	0.046057	0.044966	0.045234	847,176	44,624,100
09/10/2017	0.045487	0.045513	0.044925	0.045212	835,852	31,164,500
09/09/2017	0.048412	0.048439	0.044712	0.045487	835,800	33,168,700
09/08/2017	0.045745	0.050695	0.042849	0.048414	3,627,010	31,341,000
09/07/2017	0.058110	0.058110	0.045425	0.045743	890,057	39,812,900
09/06/2017	0.048992	0.059012	0.042509	0.058112	2,617,590	33,566,000
09/05/2017	0.061238	0.069774	0.047634	0.049044	7,891,520	41,955,900
09/04/2017	0.105470	0.107415	0.057346	0.060919	15,506,700	72,260,900
09/03/2017	0.126950	0.127498	0.096055	0.106528	10,973,300	86,977,600
09/02/2017	0.146985	0.146985	0.117953	0.126199	13,028,900	100,704,000
09/01/2017	0.170815	0.171797	0.146378	0.147444	10,602,100	117,031,000
08/31/2017	0.139913	0.178799	0.127752	0.172265	21,798,500	95,859,000
08/30/2017	0.165639	0.166093	0.118892	0.139908	16,132,100	113,353,000
08/29/2017	0.172808	0.174570	0.163898	0.165634	9,879,820	118,226,000
08/28/2017	0.180416	0.181610	0.165503	0.173348	11,391,400	122,790,000
08/27/2017	0.182897	0.197297	0.178131	0.180220	11,480,300	124,478,000
08/26/2017	0.179665	0.188595	0.174632	0.183130	7,509,990	122,187,000
08/25/2017	0.184535	0.190761	0.167843	0.179970	9,366,220	125,500,000
08/24/2017	0.202427	0.202427	0.181166	0.184612	8,670,120	136,923,000
08/23/2017	0.185124	0.212854	0.185124	0.203496	21,797,700	124,751,000
08/22/2017	0.176904	0.189586	0.154376	0.181937	20,542,100	118,968,000
08/21/2017	0.216171	0.219693	0.176911	0.176911	18,912,500	144,854,000
08/20/2017	0.226120	0.234244	0.210327	0.216560	19,136,800	151,521,000
08/19/2017	0.229741	0.241100	0.188969	0.227993	20,150,200	153,947,000
08/18/2017	0.280177	0.280177	0.206431	0.229612	19,448,900	186,973,000
08/17/2017	0.300867	0.308294	0.263491	0.280367	17,016,300	199,814,000
08/16/2017	0.277113	0.328578	0.270708	0.303196	20,149,800	182,458,000
08/15/2017	0.330150	0.343906	0.259634	0.277514	33,235,400	215,024,000
08/14/2017	0.181307	0.344288	0.174827	0.328485	61,300,700	115,398,000
08/13/2017	0.144317	0.194811	0.127428	0.180029	26,199,000	60,916,300
08/12/2017	0.179455	0.179455	0.132885	0.145452	14,449,400	75,747,900
08/11/2017	0.113092	0.185879	0.111461	0.179872	28,319,900	47,736,200
08/10/2017	0.102813	0.123273	0.102813	0.113176	9,412,790	43,397,400
08/09/2017	0.113652	0.113964	0.102448	0.102764	5,319,330	47,972,400
08/08/2017	0.110950	0.115141	0.110216	0.112791	7,543,670	-
