Date	Open	High	Low	Close	Volume	Market Cap
07/15/2018	0.165511	0.174667	0.164618	0.171444	3,645,340	56,720,600
07/14/2018	0.170231	0.171987	0.161488	0.165704	3,970,520	58,338,200
07/13/2018	0.173708	0.176736	0.168463	0.170567	4,173,380	59,529,700
07/12/2018	0.181729	0.193083	0.165958	0.171559	5,469,790	62,278,500
07/11/2018	0.173599	0.181534	0.172291	0.181534	4,505,520	59,492,400
07/10/2018	0.200793	0.200793	0.173525	0.173525	4,642,490	68,811,800
07/09/2018	0.198487	0.211020	0.192754	0.201015	5,676,000	68,021,500
07/08/2018	0.202960	0.208622	0.198142	0.198142	4,578,130	69,554,400
07/07/2018	0.202707	0.203773	0.193872	0.202966	5,235,180	69,467,700
07/06/2018	0.202304	0.208460	0.195671	0.202974	5,638,700	69,329,600
07/05/2018	0.205599	0.214183	0.199156	0.202157	5,761,060	70,458,800
07/04/2018	0.193737	0.212303	0.189129	0.205174	6,022,930	66,393,700
07/03/2018	0.203507	0.205779	0.191471	0.192493	5,315,520	69,741,800
07/02/2018	0.186070	0.204124	0.183740	0.204008	5,806,480	63,766,200
07/01/2018	0.182918	0.186838	0.175159	0.186208	4,324,130	62,686,000
06/30/2018	0.169638	0.186176	0.169638	0.182918	4,605,990	58,134,900
06/29/2018	0.160111	0.171283	0.154841	0.168924	4,865,220	54,870,000
06/28/2018	0.176631	0.177536	0.159828	0.160557	4,025,550	60,531,500
06/27/2018	0.176037	0.182404	0.165633	0.176721	5,803,130	60,327,700
06/26/2018	0.176104	0.196408	0.176104	0.176129	7,969,240	60,350,900
06/25/2018	0.164578	0.198988	0.161259	0.176066	6,752,970	56,400,800
06/24/2018	0.173755	0.173755	0.153889	0.164667	5,228,330	59,545,900
06/23/2018	0.176559	0.190570	0.169501	0.173470	5,340,810	60,506,800
06/22/2018	0.198221	0.198291	0.167341	0.175823	5,529,990	67,930,300
06/21/2018	0.204368	0.205144	0.197570	0.198363	5,210,350	70,036,900
06/20/2018	0.210205	0.210523	0.198855	0.204620	5,405,950	72,037,100
06/19/2018	0.202966	0.210142	0.200452	0.210142	5,116,830	69,556,500
06/18/2018	0.199120	0.207504	0.192842	0.202810	4,705,850	68,238,500
06/17/2018	0.203169	0.205202	0.199110	0.199337	4,690,840	69,626,100
06/16/2018	0.197990	0.207234	0.197990	0.203204	4,790,080	67,851,200
06/15/2018	0.210337	0.210581	0.198475	0.198475	5,184,620	72,082,600
06/14/2018	0.198760	0.214895	0.197933	0.210360	7,436,840	68,114,900
06/13/2018	0.212187	0.212455	0.191846	0.198720	7,111,790	72,716,400
06/12/2018	0.242978	0.242978	0.210065	0.211731	6,451,960	83,268,600
06/11/2018	0.231952	0.244789	0.228750	0.243324	7,630,680	79,489,900
06/10/2018	0.277086	0.277086	0.228453	0.232194	8,611,680	94,957,200
06/09/2018	0.292768	0.294147	0.276724	0.276724	7,723,020	100,331,000
06/08/2018	0.293396	0.311074	0.287033	0.292906	9,908,950	100,547,000
06/07/2018	0.298847	0.303154	0.291212	0.292605	8,929,560	102,415,000
06/06/2018	0.310522	0.310906	0.292768	0.299167	9,804,380	106,416,000
06/05/2018	0.308849	0.313963	0.294333	0.310884	10,342,100	105,842,000
06/04/2018	0.328264	0.329054	0.304674	0.308556	10,456,900	112,496,000
06/03/2018	0.322689	0.341123	0.321640	0.327985	12,628,000	110,585,000
06/02/2018	0.319186	0.333446	0.316025	0.322827	12,935,600	109,385,000
06/01/2018	0.324588	0.330423	0.312126	0.319615	13,751,000	111,236,000
05/31/2018	0.347516	0.357328	0.318741	0.324744	24,710,100	119,094,000
05/30/2018	0.308135	0.354522	0.303365	0.345764	19,856,300	105,598,000
05/29/2018	0.293735	0.314684	0.283243	0.308037	14,250,900	100,663,000
05/28/2018	0.331015	0.428376	0.288615	0.294501	40,200,500	113,439,000
05/27/2018	0.315480	0.331464	0.309275	0.331297	7,742,130	108,115,000
05/26/2018	0.309798	0.325857	0.308038	0.315303	7,361,990	106,168,000
05/25/2018	0.340366	0.384828	0.305256	0.309854	13,093,900	116,643,000
05/24/2018	0.290244	0.339734	0.290244	0.339734	9,965,150	99,466,400
05/23/2018	0.299611	0.317540	0.288003	0.291110	8,212,970	102,677,000
05/22/2018	0.320905	0.321897	0.300035	0.300112	6,198,320	109,974,000
05/21/2018	0.336117	0.337575	0.319858	0.321902	6,344,860	115,187,000
05/20/2018	0.310784	0.340069	0.308775	0.335475	6,650,330	106,506,000
05/19/2018	0.321391	0.322300	0.304800	0.310347	6,314,620	110,141,000
05/18/2018	0.324519	0.324519	0.314118	0.321665	6,409,270	111,213,000
05/17/2018	0.348050	0.354723	0.324085	0.324657	6,575,310	119,277,000
05/16/2018	0.366337	0.366337	0.339452	0.347787	7,473,140	125,544,000
05/15/2018	0.402643	0.402804	0.364263	0.365333	8,812,620	137,986,000
05/14/2018	0.381735	0.421814	0.357078	0.405147	12,498,700	130,820,000
05/13/2018	0.350206	0.387173	0.343800	0.381439	9,909,980	120,016,000
05/12/2018	0.363513	0.378816	0.343390	0.350510	10,540,700	124,576,000
05/11/2018	0.388052	0.388052	0.328094	0.362331	10,312,500	132,985,000
05/10/2018	0.403040	0.417963	0.387694	0.387759	9,338,950	138,122,000
05/09/2018	0.400551	0.417107	0.372338	0.401968	9,577,120	137,269,000
05/08/2018	0.398072	0.411826	0.386838	0.401156	10,284,300	136,419,000
05/07/2018	0.421249	0.422606	0.385547	0.396676	5,544,910	144,362,000
05/06/2018	0.449158	0.457231	0.406717	0.420430	3,501,800	153,926,000
05/05/2018	0.457606	0.476908	0.447432	0.449287	3,960,810	156,821,000
05/04/2018	0.476372	0.476372	0.454884	0.457599	4,317,560	163,253,000
05/03/2018	0.440492	0.512076	0.437811	0.477421	10,502,800	150,957,000
05/02/2018	0.425097	0.452648	0.417299	0.441263	4,894,840	145,681,000
05/01/2018	0.412853	0.432861	0.385496	0.425281	6,049,800	141,485,000
04/30/2018	0.424702	0.434035	0.394817	0.410618	6,472,250	145,545,000
04/29/2018	0.406814	0.430289	0.391593	0.425165	7,694,060	139,415,000
04/28/2018	0.385412	0.415228	0.385093	0.404981	4,868,230	132,081,000
04/27/2018	0.400559	0.410961	0.386572	0.386957	6,645,760	137,272,000
04/26/2018	0.365656	0.399635	0.358337	0.399365	7,583,900	125,310,000
04/25/2018	0.421374	0.421992	0.346964	0.363381	8,728,130	144,405,000
04/24/2018	0.410806	0.423545	0.408435	0.423492	8,821,220	140,783,000
04/23/2018	0.405135	0.429758	0.402791	0.411634	9,333,300	138,840,000
04/22/2018	0.372680	0.423920	0.367636	0.405334	10,561,600	127,717,000
04/21/2018	0.374479	0.386530	0.360849	0.372974	9,050,060	128,334,000
04/20/2018	0.375945	0.389036	0.359603	0.372643	10,209,100	128,836,000
04/19/2018	0.363651	0.381712	0.353411	0.377593	8,974,270	124,623,000
04/18/2018	0.340864	0.367143	0.336164	0.363873	8,685,240	116,814,000
04/17/2018	0.347410	0.351458	0.333910	0.341744	7,853,970	119,057,000
04/16/2018	0.360784	0.360784	0.333062	0.347669	8,518,530	123,641,000
04/15/2018	0.337106	0.363378	0.332939	0.360754	8,779,540	115,526,000
04/14/2018	0.304803	0.393631	0.301338	0.337017	27,418,500	104,456,000
04/13/2018	0.283357	0.380487	0.271707	0.308733	17,983,300	97,106,600
04/12/2018	0.245323	0.293469	0.235618	0.283907	9,117,460	84,072,100
04/11/2018	0.249285	0.249285	0.236103	0.246233	6,369,800	85,429,900
04/10/2018	0.219457	0.250657	0.217006	0.248089	17,175,400	75,208,100
04/09/2018	0.213404	0.224955	0.205008	0.217373	6,128,760	73,133,400
04/08/2018	0.206425	0.217509	0.203876	0.212978	4,877,980	70,741,700
04/07/2018	0.196618	0.216616	0.195835	0.206243	4,508,170	67,381,100
04/06/2018	0.203699	0.205263	0.190223	0.196841	4,750,180	69,807,800
04/05/2018	0.201819	0.209199	0.195627	0.203892	4,498,200	69,163,400
04/04/2018	0.220769	0.228496	0.201153	0.201153	4,761,880	75,657,700
04/03/2018	0.199902	0.232845	0.199902	0.220222	5,796,450	68,506,500
04/02/2018	0.193218	0.211678	0.191519	0.199853	5,250,030	66,215,800
04/01/2018	0.204921	0.210871	0.185965	0.192651	4,966,320	70,226,400
03/31/2018	0.202624	0.221715	0.202624	0.205036	5,903,110	69,439,400
03/30/2018	0.212749	0.213463	0.194335	0.202965	5,052,020	72,909,100
03/29/2018	0.253758	0.259318	0.208175	0.212962	5,923,860	86,962,700
03/28/2018	0.236458	0.257965	0.233440	0.251837	6,297,520	81,034,100
03/27/2018	0.253054	0.253054	0.232265	0.235700	4,673,620	86,721,500
03/26/2018	0.262046	0.265091	0.238510	0.252426	5,212,050	89,803,200
03/25/2018	0.253976	0.277238	0.245864	0.262095	5,930,880	87,037,600
03/24/2018	0.258524	0.285492	0.253703	0.258631	5,678,090	88,596,200
03/23/2018	0.262803	0.264833	0.236050	0.255202	5,030,880	90,062,600
03/22/2018	0.260266	0.284127	0.239012	0.263129	5,906,860	89,193,300
03/21/2018	0.258372	0.271835	0.252796	0.260186	5,348,390	88,544,200
03/20/2018	0.255924	0.261903	0.229289	0.257095	5,429,490	87,705,200
03/19/2018	0.233495	0.251508	0.225276	0.249421	5,050,420	80,018,600
03/18/2018	0.242114	0.242114	0.198188	0.230992	6,009,970	82,972,400
03/17/2018	0.266492	0.275978	0.237292	0.242117	5,200,570	91,326,800
03/16/2018	0.263832	0.278478	0.252930	0.266383	5,442,540	90,415,400
03/15/2018	0.279463	0.281341	0.239644	0.263490	6,038,870	95,772,000
03/14/2018	0.318117	0.324791	0.269776	0.279514	7,063,920	109,019,000
03/13/2018	0.316336	0.345564	0.309529	0.319365	8,350,500	108,408,000
03/12/2018	0.306805	0.324572	0.284748	0.317378	24,983,100	105,142,000
03/11/2018	0.285207	0.310701	0.271681	0.308205	3,162,480	97,740,300
03/10/2018	0.286747	0.308578	0.282568	0.285698	4,118,740	98,268,000
03/09/2018	0.287961	0.299258	0.247602	0.287061	4,639,890	98,684,300
03/08/2018	0.302719	0.369829	0.284924	0.291670	11,446,100	103,742,000
03/07/2018	0.327141	0.331368	0.283769	0.308413	5,230,740	112,111,000
03/06/2018	0.353658	0.353658	0.322370	0.327198	3,584,730	121,199,000
03/05/2018	0.359347	0.362669	0.350952	0.355023	4,242,990	123,148,000
03/04/2018	0.360895	0.378130	0.345611	0.359705	4,877,400	123,679,000
03/03/2018	0.371624	0.371624	0.357317	0.361363	4,161,020	127,356,000
03/02/2018	0.372941	0.415457	0.351209	0.371767	8,691,980	127,807,000
03/01/2018	0.345224	0.383033	0.330960	0.372095	5,944,310	118,308,000
02/28/2018	0.369951	0.382046	0.344163	0.344256	4,052,730	126,782,000
02/27/2018	0.355946	0.374679	0.353575	0.369860	3,477,730	121,983,000
02/26/2018	0.351806	0.363570	0.344354	0.354574	2,922,740	120,564,000
02/25/2018	0.342156	0.355435	0.337911	0.350598	3,200,770	117,257,000
02/24/2018	0.360938	0.373961	0.335393	0.343718	3,415,860	123,693,000
02/23/2018	0.342509	0.367433	0.337050	0.361438	3,951,270	117,378,000
02/22/2018	0.388887	0.416443	0.341989	0.342749	4,049,940	133,271,000
02/21/2018	0.399402	0.438575	0.383070	0.389023	5,252,850	136,875,000
02/20/2018	0.457511	0.461866	0.397870	0.398944	5,010,730	156,789,000
02/19/2018	0.424299	0.478622	0.422683	0.458408	7,411,770	145,407,000
02/18/2018	0.470423	0.475783	0.422275	0.426518	4,995,110	161,214,000
02/17/2018	0.455826	0.506718	0.452353	0.469799	7,224,740	156,211,000
02/16/2018	0.447708	0.456740	0.430554	0.456001	4,650,750	153,430,000
02/15/2018	0.459860	0.464325	0.440717	0.448289	5,224,240	157,594,000
02/14/2018	0.411372	0.459569	0.409200	0.459569	5,269,230	140,977,000
02/13/2018	0.449895	0.451951	0.408903	0.410398	5,048,190	154,179,000
02/12/2018	0.412137	0.454219	0.412137	0.449743	4,905,560	141,239,000
02/11/2018	0.444535	0.444535	0.380936	0.411351	4,514,080	152,342,000
02/10/2018	0.474796	0.492845	0.433965	0.444676	6,487,930	162,712,000
02/09/2018	0.462933	0.489060	0.430914	0.473172	12,627,900	158,647,000
02/08/2018	0.370837	0.576490	0.370837	0.462007	29,194,500	127,086,000
02/07/2018	0.338810	0.402546	0.307018	0.369282	9,686,410	116,110,000
02/06/2018	0.284658	0.343832	0.236229	0.341832	7,553,330	97,552,200
02/05/2018	0.371214	0.376972	0.273055	0.285650	7,118,120	127,215,000
02/04/2018	0.449506	0.483141	0.357596	0.375334	9,827,730	154,046,000
02/03/2018	0.427762	0.462278	0.385333	0.449202	10,705,400	146,594,000
02/02/2018	0.450569	0.463973	0.351340	0.425403	7,531,780	154,410,000
02/01/2018	0.571482	0.581302	0.429116	0.451695	11,730,600	195,847,000
01/31/2018	0.549450	0.570722	0.525277	0.569416	13,966,900	188,296,000
01/30/2018	0.673505	0.673505	0.545743	0.548434	12,016,700	230,810,000
01/29/2018	0.710877	0.717613	0.659612	0.673233	15,289,600	243,618,000
01/28/2018	0.702797	0.726347	0.696756	0.710753	17,223,400	240,849,000
01/27/2018	0.681483	0.737671	0.650580	0.702365	17,023,000	233,544,000
01/26/2018	0.683820	0.716608	0.613567	0.678557	16,065,000	234,345,000
01/25/2018	0.697452	0.724723	0.670832	0.686282	16,862,000	239,017,000
01/24/2018	0.659916	0.721220	0.637821	0.678965	20,574,200	226,153,000
01/23/2018	0.665157	0.726734	0.613002	0.661149	13,918,700	227,949,000
01/22/2018	0.712483	0.762177	0.625890	0.667695	17,710,100	244,168,000
01/21/2018	0.875960	0.878292	0.697665	0.707326	8,756,920	300,192,000
01/20/2018	0.785261	0.894357	0.782551	0.873989	15,771,000	269,109,000
01/19/2018	0.753108	0.846995	0.726838	0.779615	21,410,800	258,090,000
01/18/2018	0.699493	0.873417	0.687750	0.759507	22,942,000	239,716,000
01/17/2018	0.674108	0.762800	0.523436	0.700754	21,347,000	231,017,000
01/16/2018	0.971077	0.971077	0.591092	0.680556	23,397,600	332,788,000
01/15/2018	1.03	1.08	0.972519	0.972519	28,263,700	353,919,000
01/14/2018	1.14	1.14	0.994072	1.04	27,290,500	391,112,000
01/13/2018	1.06	1.26	1.05	1.14	37,679,200	364,516,000
01/12/2018	0.889441	1.17	0.879061	1.06	40,459,800	304,811,000
01/11/2018	1.01	1.04	0.870470	0.883894	25,244,700	346,120,000
01/10/2018	1.11	1.11	0.953113	1.00	26,788,600	380,067,000
01/09/2018	1.09	1.18	1.03	1.12	26,552,100	373,317,000
01/08/2018	1.17	1.17	0.928927	1.09	26,106,300	399,500,000
01/07/2018	1.21	1.25	1.15	1.17	36,934,200	414,068,000
01/06/2018	1.10	1.29	1.02	1.21	40,530,500	375,608,000
01/05/2018	1.19	1.24	1.00	1.10	45,443,400	408,358,000
01/04/2018	1.35	1.38	1.19	1.19	55,528,600	463,520,000
01/03/2018	1.08	1.41	1.03	1.35	80,342,300	369,319,000
01/02/2018	0.903977	1.09	0.840865	1.08	47,442,300	309,793,000
01/01/2018	0.865682	0.934969	0.824671	0.906649	19,144,800	296,669,000
12/31/2017	0.788619	0.895732	0.772372	0.864755	17,690,000	270,260,000
12/30/2017	0.939545	0.939545	0.742840	0.793762	18,738,300	321,982,000
12/29/2017	0.898660	1.02	0.871508	0.948419	37,251,600	307,971,000
12/28/2017	0.965652	0.982528	0.789157	0.897079	24,238,700	330,929,000
12/27/2017	0.999154	1.00	0.896314	0.969022	27,191,100	342,410,000
12/26/2017	0.961482	1.02	0.818700	1.01	49,257,800	329,500,000
12/25/2017	0.819694	1.66	0.817009	0.961668	165,316,000	280,909,000
12/24/2017	0.675335	0.810945	0.579244	0.788419	16,964,500	231,437,000
12/23/2017	0.548722	0.775641	0.547374	0.666228	16,799,800	188,047,000
12/22/2017	0.706919	0.713670	0.373138	0.537883	14,321,700	242,261,000
12/21/2017	0.638210	0.785696	0.632031	0.705089	22,480,900	218,715,000
12/20/2017	0.587326	0.642976	0.507477	0.637924	14,772,900	201,277,000
12/19/2017	0.573156	0.672315	0.549386	0.587545	21,439,800	196,421,000
12/18/2017	0.458626	0.587916	0.438721	0.578776	16,799,500	157,171,000
12/17/2017	0.417595	0.496186	0.413397	0.457390	11,491,700	143,110,000
12/16/2017	0.424169	0.446976	0.406698	0.420824	10,484,400	145,363,000
12/15/2017	0.468846	0.480494	0.393673	0.419980	16,070,000	160,674,000
12/14/2017	0.357083	0.484899	0.355559	0.463335	19,093,400	122,372,000
12/13/2017	0.355504	0.373806	0.324626	0.359150	5,153,920	121,831,000
12/12/2017	0.332006	0.409999	0.307992	0.359601	13,456,200	113,778,000
12/11/2017	0.283179	0.350795	0.276249	0.326224	4,467,000	97,045,500
12/10/2017	0.302601	0.316687	0.259953	0.285519	2,726,510	103,701,000
12/09/2017	0.297494	0.344875	0.292202	0.304354	3,315,750	101,951,000
12/08/2017	0.296480	0.325793	0.262284	0.292517	4,057,130	101,604,000
12/07/2017	0.349078	0.357551	0.292283	0.297476	5,701,890	119,629,000
12/06/2017	0.395485	0.397278	0.348814	0.349948	6,745,530	135,533,000
12/05/2017	0.409976	0.437009	0.374391	0.398387	11,119,400	140,499,000
12/04/2017	0.329820	0.403761	0.325028	0.403178	7,555,250	113,029,000
12/03/2017	0.305793	0.375721	0.305793	0.326767	6,129,390	104,795,000
12/02/2017	0.311373	0.321606	0.291447	0.306496	2,191,650	106,707,000
12/01/2017	0.293388	0.325244	0.287164	0.309329	1,923,460	100,544,000
11/30/2017	0.269960	0.306309	0.257033	0.293578	2,299,640	92,515,400
11/29/2017	0.342766	0.350417	0.267354	0.268847	3,906,220	117,466,000
11/28/2017	0.354985	0.361698	0.336991	0.345966	3,991,740	121,653,000
11/27/2017	0.345937	0.359256	0.338723	0.356117	2,737,270	118,553,000
11/26/2017	0.339770	0.353880	0.324537	0.345944	3,359,780	116,439,000
11/25/2017	0.324297	0.341915	0.318606	0.339592	2,663,010	111,137,000
11/24/2017	0.313771	0.324429	0.304104	0.324429	2,354,040	107,529,000
11/23/2017	0.305888	0.320612	0.295083	0.314825	2,814,990	104,828,000
11/22/2017	0.305325	0.317753	0.298725	0.305603	2,358,700	104,635,000
11/21/2017	0.310705	0.323013	0.287176	0.304136	2,540,700	106,479,000
11/20/2017	0.298342	0.374968	0.288624	0.314852	16,029,800	102,242,000
11/19/2017	0.281262	0.298522	0.271398	0.295572	2,102,940	96,388,600
11/18/2017	0.272222	0.285648	0.267477	0.281262	1,249,320	93,290,400
11/17/2017	0.281456	0.292527	0.262846	0.273207	2,245,460	96,455,000
11/16/2017	0.291409	0.348379	0.280764	0.283301	4,720,710	99,865,800
11/15/2017	0.285983	0.302295	0.283403	0.291401	1,824,740	98,006,400
11/14/2017	0.282243	0.290839	0.277974	0.286186	1,310,850	96,724,600
11/13/2017	0.270187	0.297666	0.267984	0.282140	2,218,070	92,593,200
11/12/2017	0.275174	0.295561	0.225126	0.268403	3,091,960	94,302,300
11/11/2017	0.280276	0.293352	0.268394	0.275242	1,422,900	96,050,500
11/10/2017	0.316116	0.322461	0.271010	0.283352	1,598,880	108,333,000
11/09/2017	0.311665	0.328754	0.307893	0.315095	2,248,450	106,808,000
11/08/2017	0.288279	0.333946	0.259964	0.309467	4,968,840	98,793,200
11/07/2017	0.290170	0.297200	0.281077	0.289180	1,069,900	99,441,200
11/06/2017	0.293249	0.298889	0.281214	0.290517	1,727,980	100,496,000
11/05/2017	0.291049	0.297814	0.284368	0.293260	864,493	99,742,500
11/04/2017	0.292090	0.306938	0.284665	0.294734	1,133,490	100,099,000
11/03/2017	0.280210	0.306337	0.270025	0.291119	1,929,280	96,028,000
11/02/2017	0.303527	0.311532	0.266067	0.280457	2,949,440	104,019,000
11/01/2017	0.346745	0.346745	0.301072	0.304930	3,011,650	118,829,000
10/31/2017	0.349565	0.389160	0.340477	0.351524	4,477,810	119,796,000
10/30/2017	0.326600	0.368030	0.326600	0.351004	4,276,360	111,370,000
10/29/2017	0.304281	0.372489	0.300332	0.325195	8,122,790	103,760,000
10/28/2017	0.300096	0.312056	0.297354	0.304418	1,024,230	102,333,000
10/27/2017	0.319551	0.336528	0.298272	0.298272	2,194,740	108,711,000
10/26/2017	0.306770	0.324657	0.294651	0.315954	1,936,510	104,363,000
10/25/2017	0.331501	0.331501	0.303904	0.308155	1,463,440	112,776,000
10/24/2017	0.297365	0.365539	0.284691	0.333547	4,614,250	101,164,000
10/23/2017	0.300822	0.345324	0.275924	0.299039	4,158,060	102,340,000
10/22/2017	0.314124	0.318450	0.280337	0.301218	1,787,080	106,865,000
10/21/2017	0.338407	0.338407	0.292210	0.314041	1,671,120	115,126,000
10/20/2017	0.322991	0.397493	0.322991	0.338280	4,161,900	109,882,000
10/19/2017	0.341369	0.353652	0.322996	0.325235	1,359,060	116,134,000
10/18/2017	0.326405	0.345573	0.306663	0.339798	1,328,400	111,043,000
10/17/2017	0.323577	0.342840	0.313173	0.324114	1,162,410	110,081,000
10/16/2017	0.325195	0.334849	0.307049	0.324898	1,741,720	110,632,000
10/15/2017	0.325670	0.329887	0.312888	0.326004	809,264	110,793,000
10/14/2017	0.334382	0.361278	0.321158	0.325214	1,250,580	113,757,000
10/13/2017	0.336131	0.343601	0.310554	0.333237	1,736,880	114,352,000
10/12/2017	0.328624	0.357311	0.316392	0.334841	2,374,970	111,798,000
10/11/2017	0.332924	0.367125	0.321890	0.330372	1,879,520	113,261,000
10/10/2017	0.288396	0.351894	0.284476	0.331197	2,210,750	98,112,300
10/09/2017	0.296889	0.307548	0.265583	0.290862	2,143,930	101,002,000
10/08/2017	0.335843	0.337200	0.286330	0.293630	2,174,650	114,254,000
10/07/2017	0.349973	0.350981	0.328260	0.336502	1,188,570	119,061,000
10/06/2017	0.357264	0.368033	0.343420	0.350239	1,150,200	121,541,000
10/05/2017	0.364822	0.368634	0.346157	0.357264	916,245	124,113,000
10/04/2017	0.357080	0.378227	0.353310	0.361381	1,445,990	121,478,000
10/03/2017	0.376227	0.388010	0.346717	0.356747	1,683,960	127,992,000
10/02/2017	0.388605	0.398551	0.376064	0.378324	1,274,070	132,203,000
10/01/2017	0.404844	0.410231	0.388176	0.389191	1,352,750	137,728,000
09/30/2017	0.395202	0.412850	0.391745	0.406795	1,742,710	134,448,000
09/29/2017	0.419334	0.422191	0.376162	0.396276	1,794,850	142,657,000
09/28/2017	0.435010	0.454733	0.405783	0.421131	4,003,030	147,990,000
09/27/2017	0.381332	0.447195	0.378962	0.438170	3,435,760	129,729,000
09/26/2017	0.405833	0.405833	0.367346	0.382342	2,015,270	138,064,000
09/25/2017	0.345408	0.414586	0.340718	0.407532	2,400,050	117,473,000
09/24/2017	0.350534	0.354878	0.334863	0.344088	915,894	119,217,000
09/23/2017	0.339441	0.358860	0.332959	0.348813	932,345	115,444,000
09/22/2017	0.326407	0.347476	0.312859	0.342160	1,159,450	111,011,000
09/21/2017	0.376937	0.380643	0.318331	0.325971	1,596,430	128,196,000
09/20/2017	0.389879	0.399645	0.377401	0.381383	968,362	132,598,000
09/19/2017	0.424331	0.428355	0.387047	0.392402	1,441,530	144,315,000
09/18/2017	0.364669	0.443230	0.364669	0.425604	3,767,800	123,987,000
09/17/2017	0.360355	0.378848	0.341457	0.366509	1,393,970	122,521,000
09/16/2017	0.358922	0.384500	0.339133	0.359206	1,522,100	122,033,000
09/15/2017	0.311806	0.374445	0.260605	0.354097	2,980,950	106,014,000
09/14/2017	0.395858	0.426897	0.306586	0.306586	3,020,930	134,592,000
09/13/2017	0.422965	0.422965	0.351132	0.395767	3,486,050	143,808,000
09/12/2017	0.455764	0.489610	0.416561	0.422417	5,117,500	154,960,000
09/11/2017	0.500299	0.539076	0.432700	0.455897	8,713,800	170,102,000
09/10/2017	0.401233	0.602041	0.398575	0.493396	24,241,000	136,419,000
09/09/2017	0.383162	0.416396	0.366147	0.400861	1,723,970	130,275,000
09/08/2017	0.432198	0.441904	0.347360	0.381295	3,212,060	146,947,000
09/07/2017	0.442153	0.443319	0.415353	0.435786	2,327,450	150,332,000
09/06/2017	0.424878	0.453677	0.411527	0.444055	3,002,330	144,459,000
09/05/2017	0.376607	0.448381	0.320522	0.423138	4,372,530	128,046,000
09/04/2017	0.434832	0.434832	0.297402	0.380404	5,168,010	147,843,000
09/03/2017	0.440939	0.458952	0.403894	0.434601	2,665,590	149,919,000
09/02/2017	0.489933	0.491313	0.413420	0.440751	4,603,280	166,577,000
09/01/2017	0.520503	0.522218	0.481063	0.490485	5,070,740	176,971,000
08/31/2017	0.516529	0.548779	0.481877	0.521158	5,411,070	175,620,000
08/30/2017	0.538362	0.549111	0.491349	0.518152	4,372,520	183,043,000
08/29/2017	0.529973	0.562071	0.517520	0.538425	6,538,250	180,191,000
08/28/2017	0.514824	0.565592	0.497951	0.528397	5,596,950	175,040,000
08/27/2017	0.511633	0.524455	0.504635	0.513145	3,202,900	173,955,000
08/26/2017	0.504617	0.536775	0.484437	0.512205	3,825,960	171,570,000
08/25/2017	0.529550	0.530179	0.495027	0.511392	3,269,230	180,047,000
08/24/2017	0.507372	0.568163	0.490637	0.528758	8,358,530	172,506,000
08/23/2017	0.488912	0.559264	0.468063	0.510672	7,812,220	166,230,000
08/22/2017	0.493772	0.518926	0.452269	0.487710	4,403,160	167,883,000
08/21/2017	0.560713	0.592715	0.490501	0.492900	6,230,230	190,642,000
08/20/2017	0.555268	0.601093	0.510692	0.560707	8,170,140	188,791,000
08/19/2017	0.490193	0.602156	0.424847	0.560830	9,626,780	166,666,000
08/18/2017	0.571011	0.580332	0.432941	0.489716	10,102,400	194,144,000
08/17/2017	0.619402	0.641398	0.547630	0.562810	11,211,700	210,597,000
08/16/2017	0.594178	0.641520	0.584544	0.622938	11,901,600	202,021,000
08/15/2017	0.644753	0.645330	0.574495	0.596730	11,123,900	219,216,000
08/14/2017	0.738955	0.748946	0.591349	0.647281	23,191,200	251,245,000
08/13/2017	0.563634	0.741310	0.514728	0.726801	25,452,100	191,636,000
08/12/2017	0.638330	0.694968	0.525052	0.563463	30,224,400	217,032,000
08/11/2017	0.453731	0.689592	0.448144	0.636189	71,905,400	154,268,000
08/10/2017	0.222815	0.469126	0.217325	0.455159	51,701,100	75,756,900
08/09/2017	0.204709	0.224230	0.198909	0.224230	1,663,640	69,601,000
08/08/2017	0.197579	0.216192	0.193354	0.204725	1,775,290	67,176,700
08/07/2017	0.207955	0.213129	0.196247	0.197375	1,543,070	70,704,600
08/06/2017	0.217066	0.220295	0.205299	0.208471	1,383,270	73,802,500
08/05/2017	0.195055	0.228278	0.190045	0.211694	2,692,140	66,318,600
08/04/2017	0.173562	0.197502	0.170799	0.194942	1,658,350	59,011,000
08/03/2017	0.161457	0.175915	0.156267	0.173523	860,385	54,895,500
08/02/2017	0.171818	0.172192	0.159014	0.161933	917,333	58,418,300
08/01/2017	0.162877	0.180734	0.156308	0.169814	965,800	55,378,200
07/31/2017	0.163582	0.165448	0.157926	0.163067	633,192	55,617,800
07/30/2017	0.167347	0.169706	0.150410	0.163244	601,016	56,898,000
07/29/2017	0.153078	0.168981	0.146796	0.168981	617,954	52,046,400
07/28/2017	0.162432	0.166841	0.149692	0.154507	1,140,120	55,226,900
07/27/2017	0.173470	0.175763	0.160879	0.162523	1,193,380	58,867,400
07/26/2017	0.173671	0.180335	0.155036	0.173144	1,086,920	58,935,600
07/25/2017	0.203348	0.213964	0.163444	0.173919	2,490,100	69,000,100
07/24/2017	0.184025	0.232401	0.182348	0.203122	5,167,200	62,441,300
07/23/2017	0.184988	0.197541	0.173409	0.182603	1,297,280	62,768,200
07/22/2017	0.152991	0.196809	0.150629	0.187813	1,828,370	51,911,400
07/21/2017	0.155420	0.164447	0.146287	0.151939	1,299,210	52,735,600
07/20/2017	0.143851	0.169869	0.143851	0.152927	2,553,680	48,810,100
07/19/2017	0.173710	0.187670	0.134196	0.143170	3,096,710	58,941,500
07/18/2017	0.171311	0.207231	0.169375	0.175628	7,932,920	58,127,500
07/17/2017	0.161237	0.177290	0.147570	0.176720	9,750,800	-
