Date	Open	High	Low	Close	Volume	Market Cap
07/15/2018	0.139369	0.151328	0.136769	0.143311	7,327,130	96,507,600
07/14/2018	0.137508	0.141449	0.135702	0.139152	7,114,840	95,218,900
07/13/2018	0.140038	0.148480	0.136144	0.136900	10,048,100	96,970,800
07/12/2018	0.145843	0.146888	0.137354	0.139818	8,030,330	100,991,000
07/11/2018	0.145708	0.150903	0.136047	0.145304	10,745,300	100,897,000
07/10/2018	0.173773	0.173773	0.140539	0.145629	18,153,500	120,331,000
07/09/2018	0.191017	0.191822	0.169822	0.176331	14,560,300	132,272,000
07/08/2018	0.186577	0.194837	0.184288	0.188085	12,969,800	129,197,000
07/07/2018	0.182894	0.190484	0.176403	0.187944	15,355,300	126,647,000
07/06/2018	0.190895	0.191551	0.173299	0.183687	16,565,800	132,187,000
07/05/2018	0.198687	0.202925	0.180878	0.190765	17,857,000	137,583,000
07/04/2018	0.189744	0.212008	0.181310	0.194966	20,705,600	131,390,000
07/03/2018	0.203697	0.210169	0.183737	0.189904	19,381,000	141,052,000
07/02/2018	0.161362	0.215257	0.157738	0.204005	30,538,200	111,737,000
07/01/2018	0.156603	0.162811	0.154354	0.161264	18,098,500	108,441,000
06/30/2018	0.142352	0.155224	0.142352	0.153204	17,480,100	98,573,200
06/29/2018	0.132347	0.144503	0.129299	0.142274	12,346,000	91,645,100
06/28/2018	0.140122	0.145764	0.131465	0.132792	12,909,200	97,028,800
06/27/2018	0.141774	0.143715	0.130661	0.139885	11,602,900	98,173,200
06/26/2018	0.146923	0.152764	0.140017	0.141298	10,132,700	101,738,000
06/25/2018	0.138573	0.156185	0.133296	0.150274	13,534,000	95,956,600
06/24/2018	0.147795	0.149333	0.124004	0.139102	15,989,300	102,342,000
06/23/2018	0.161944	0.166962	0.143855	0.147939	14,476,200	112,140,000
06/22/2018	0.198206	0.200451	0.156985	0.161978	19,325,700	137,250,000
06/21/2018	0.208631	0.211717	0.198225	0.198272	18,185,900	144,469,000
06/20/2018	0.210386	0.213291	0.202227	0.208185	17,532,200	145,684,000
06/19/2018	0.215931	0.223984	0.208399	0.209797	22,463,900	149,523,000
06/18/2018	0.212078	0.217316	0.203736	0.216156	31,520,600	146,855,000
06/17/2018	0.216570	0.219113	0.211185	0.212472	25,091,700	149,966,000
06/16/2018	0.213894	0.218504	0.212473	0.216154	20,800,800	148,092,000
06/15/2018	0.223608	0.226213	0.210373	0.214655	23,383,500	154,784,000
06/14/2018	0.206986	0.224515	0.205844	0.224515	27,929,700	143,278,000
06/13/2018	0.231419	0.231419	0.198123	0.207052	23,858,500	160,191,000
06/12/2018	0.257702	0.263022	0.216431	0.229683	36,131,100	178,384,000
06/11/2018	0.228236	0.258646	0.207849	0.255704	37,800,900	157,464,000
06/10/2018	0.283047	0.283047	0.223312	0.227924	66,712,300	195,279,000
06/09/2018	0.299306	0.306284	0.280084	0.280516	75,260,700	206,489,000
06/08/2018	0.317437	0.317437	0.282298	0.298692	86,119,800	218,996,000
06/07/2018	0.315233	0.321257	0.307621	0.316402	105,769,000	217,476,000
06/06/2018	0.331947	0.333124	0.297234	0.315187	83,408,300	229,006,000
06/05/2018	0.347828	0.354586	0.314090	0.332096	69,191,500	239,963,000
06/04/2018	0.332081	0.350121	0.301528	0.347136	69,477,900	229,099,000
06/03/2018	0.331288	0.337204	0.326524	0.332786	42,869,000	228,552,000
06/02/2018	0.335625	0.354097	0.322837	0.331621	51,115,300	231,544,000
06/01/2018	0.349235	0.358103	0.319693	0.335084	56,299,600	240,933,000
05/31/2018	0.368773	0.389840	0.341505	0.349025	70,942,000	254,421,000
05/30/2018	0.412699	0.412699	0.361981	0.369970	76,167,400	261,601,000
05/29/2018	0.373388	0.455458	0.355367	0.411733	120,593,000	236,683,000
05/28/2018	0.333955	0.378337	0.315883	0.368620	65,911,700	211,687,000
05/27/2018	0.323178	0.331541	0.313929	0.331508	30,112,900	204,856,000
05/26/2018	0.335648	0.340713	0.317339	0.323596	35,426,400	212,761,000
05/25/2018	0.309620	0.343521	0.300594	0.335962	84,047,100	196,262,000
05/24/2018	0.275456	0.310849	0.267657	0.308265	87,336,200	174,606,000
05/23/2018	0.322520	0.322520	0.271043	0.276453	91,806,200	204,439,000
05/22/2018	0.327637	0.346052	0.309414	0.322558	112,021,000	207,682,000
05/21/2018	0.293637	0.334394	0.288911	0.329179	87,103,600	186,130,000
05/20/2018	0.285319	0.306055	0.273871	0.293570	81,845,800	180,858,000
05/19/2018	0.304225	0.308802	0.279339	0.285684	70,368,900	192,842,000
05/18/2018	0.294241	0.305104	0.286095	0.303390	170,788,000	186,513,000
05/17/2018	0.308211	0.330622	0.287082	0.294402	102,631,000	195,369,000
05/16/2018	0.309453	0.310427	0.288120	0.306807	92,974,700	196,156,000
05/15/2018	0.320041	0.344778	0.307442	0.309741	63,533,700	202,867,000
05/14/2018	0.292348	0.344348	0.270077	0.318270	89,683,800	185,314,000
05/13/2018	0.253641	0.305244	0.247001	0.292286	62,314,300	160,778,000
05/12/2018	0.252858	0.267450	0.223143	0.253144	29,773,400	160,282,000
05/11/2018	0.293319	0.297477	0.240627	0.250099	74,562,500	185,929,000
05/10/2018	0.311899	0.317889	0.291349	0.291349	43,605,100	197,707,000
05/09/2018	0.311120	0.318185	0.292834	0.311550	51,265,800	197,213,000
05/08/2018	0.319935	0.335262	0.295568	0.311096	63,243,300	202,800,000
05/07/2018	0.335289	0.335289	0.288827	0.319498	88,554,600	212,533,000
05/06/2018	0.367409	0.367409	0.305781	0.336202	108,629,000	232,893,000
05/05/2018	0.279803	0.366831	0.277989	0.366759	90,407,800	177,362,000
05/04/2018	0.313435	0.313435	0.259871	0.280550	59,510,900	198,680,000
05/03/2018	0.285627	0.317204	0.277389	0.308089	59,201,000	181,053,000
05/02/2018	0.274618	0.287988	0.263445	0.285953	71,150,400	174,075,000
05/01/2018	0.246472	0.274659	0.221435	0.274659	83,078,100	156,234,000
04/30/2018	0.247990	0.297867	0.240720	0.246620	119,560,000	157,196,000
04/29/2018	0.205517	0.247637	0.205517	0.247637	70,972,000	130,273,000
04/28/2018	0.173987	0.215256	0.173987	0.205277	58,702,000	110,287,000
04/27/2018	0.167266	0.186967	0.163957	0.175193	53,421,800	106,026,000
04/26/2018	0.150870	0.167254	0.144285	0.167050	37,324,700	95,633,700
04/25/2018	0.171710	0.172658	0.143123	0.149956	24,610,200	108,844,000
04/24/2018	0.155413	0.183890	0.155413	0.171725	52,279,500	98,512,800
04/23/2018	0.146358	0.155586	0.146087	0.155178	36,622,400	92,773,500
04/22/2018	0.141058	0.154821	0.135700	0.146672	35,010,700	89,413,800
04/21/2018	0.149805	0.149821	0.125403	0.140561	35,100,400	94,958,500
04/20/2018	0.133218	0.154540	0.131489	0.149827	46,864,100	84,444,200
04/19/2018	0.119447	0.133197	0.117798	0.133197	41,833,000	75,715,100
04/18/2018	0.105439	0.122645	0.103966	0.119371	35,346,800	66,835,800
04/17/2018	0.100894	0.109621	0.100279	0.105734	44,610,400	63,954,700
04/16/2018	0.109725	0.110147	0.098877	0.100886	22,902,700	69,552,600
04/15/2018	0.103427	0.110243	0.103427	0.109927	13,850,100	65,560,400
04/14/2018	0.103831	0.107971	0.098921	0.103641	11,576,300	65,816,100
04/13/2018	0.101950	0.111099	0.099428	0.104321	11,138,700	64,624,000
04/12/2018	0.088114	0.102724	0.084574	0.101765	20,853,500	55,853,700
04/11/2018	0.085560	0.088575	0.082868	0.088575	14,195,000	54,234,500
04/10/2018	0.080799	0.086588	0.079056	0.085337	13,347,600	51,216,800
04/09/2018	0.077946	0.082315	0.077493	0.080723	12,870,900	49,408,400
04/08/2018	0.074810	0.078731	0.074694	0.077846	13,123,800	47,420,200
04/07/2018	0.071500	0.076202	0.071288	0.074687	8,542,920	45,322,300
04/06/2018	0.074067	0.075589	0.069772	0.071413	10,062,700	46,949,700
04/05/2018	0.071077	0.078628	0.067880	0.074239	8,722,290	42,657,000
04/04/2018	0.079037	0.079037	0.070299	0.071109	7,898,420	47,433,800
04/03/2018	0.079528	0.081171	0.077956	0.079010	9,353,630	47,728,700
04/02/2018	0.074835	0.081727	0.074504	0.079455	10,490,500	44,912,000
04/01/2018	0.081520	0.084863	0.071373	0.074604	15,330,600	48,924,400
03/31/2018	0.089628	0.092314	0.080574	0.081473	14,082,200	53,790,300
03/30/2018	0.105657	0.106084	0.085370	0.089978	13,258,700	63,410,000
03/29/2018	0.101737	0.118489	0.094703	0.106288	28,578,900	61,057,300
03/28/2018	0.100683	0.103450	0.098302	0.101473	14,682,400	60,424,800
03/27/2018	0.099214	0.105209	0.093580	0.101049	12,712,400	59,543,500
03/26/2018	0.094348	0.102382	0.089861	0.098915	9,451,360	56,623,100
03/25/2018	0.095836	0.096619	0.091957	0.094292	11,000,400	57,516,100
03/24/2018	0.100285	0.103342	0.093780	0.097267	13,852,500	60,185,700
03/23/2018	0.090348	0.099520	0.084193	0.099200	18,228,600	54,222,300
03/22/2018	0.086255	0.092458	0.082307	0.089732	10,522,100	51,766,200
03/21/2018	0.082260	0.097405	0.082066	0.085955	12,730,600	49,368,200
03/20/2018	0.079076	0.084409	0.075347	0.082080	5,845,100	47,457,700
03/19/2018	0.072098	0.081442	0.071428	0.077930	3,865,440	43,269,800
03/18/2018	0.074019	0.074019	0.062340	0.072340	4,344,780	44,422,600
03/17/2018	0.080335	0.081423	0.073443	0.074059	3,082,260	48,213,100
03/16/2018	0.081350	0.083758	0.078174	0.080185	3,525,340	36,216,800
03/15/2018	0.084273	0.084975	0.076818	0.081340	4,408,090	37,518,000
03/14/2018	0.093091	0.094202	0.081331	0.083974	4,621,600	41,444,100
03/13/2018	0.091908	0.096194	0.089534	0.092900	4,918,870	40,917,100
03/12/2018	0.096253	0.098987	0.088876	0.092202	9,301,120	42,851,600
03/11/2018	0.089351	0.097231	0.086325	0.096461	3,780,490	39,778,800
03/10/2018	0.094782	0.101173	0.088492	0.089796	2,704,430	42,196,900
03/09/2018	0.102255	0.103406	0.084652	0.094640	3,906,630	45,523,900
03/08/2018	0.111225	0.113215	0.099869	0.102726	3,887,740	49,517,100
03/07/2018	0.133265	0.140383	0.102874	0.111259	12,311,200	59,329,500
03/06/2018	0.127936	0.146393	0.118441	0.134323	18,816,300	56,956,800
03/05/2018	0.141253	0.141342	0.127490	0.129624	7,104,010	62,885,400
03/04/2018	0.137570	0.143291	0.132442	0.141136	5,649,420	61,246,000
03/03/2018	0.136677	0.140671	0.135468	0.137530	4,366,680	60,848,100
03/02/2018	0.141351	0.141809	0.134783	0.136927	4,619,810	62,929,000
03/01/2018	0.138529	0.145350	0.137086	0.141636	5,836,440	61,672,800
02/28/2018	0.150695	0.153113	0.137852	0.138069	5,315,590	67,088,900
02/27/2018	0.154850	0.159804	0.148373	0.150822	3,334,400	68,938,900
02/26/2018	0.156100	0.156786	0.152659	0.154249	2,849,820	69,495,200
02/25/2018	0.156999	0.158597	0.150471	0.155990	4,685,180	69,895,700
02/24/2018	0.158943	0.174260	0.153421	0.157268	6,394,310	70,834,300
02/23/2018	0.154676	0.164807	0.146850	0.159356	6,525,790	69,056,500
02/22/2018	0.164992	0.175087	0.151645	0.155471	4,529,320	73,661,700
02/21/2018	0.183203	0.183404	0.163572	0.165908	4,919,850	81,792,600
02/20/2018	0.191577	0.193686	0.183555	0.183875	5,134,690	85,530,900
02/19/2018	0.189557	0.195462	0.187499	0.191368	5,218,510	84,629,300
02/18/2018	0.205501	0.206126	0.188269	0.190865	7,172,180	91,747,500
02/17/2018	0.195454	0.206060	0.192866	0.205195	5,597,490	87,262,100
02/16/2018	0.188433	0.197038	0.184051	0.196149	7,061,530	84,127,300
02/15/2018	0.188320	0.194703	0.184930	0.188782	6,052,130	84,076,700
02/14/2018	0.180958	0.191999	0.178735	0.188088	6,978,180	80,789,900
02/13/2018	0.183942	0.185230	0.172567	0.181807	5,251,020	81,562,100
02/12/2018	0.169116	0.190221	0.169116	0.183933	5,668,740	74,988,000
02/11/2018	0.185272	0.185272	0.162765	0.176229	5,822,840	82,151,900
02/10/2018	0.187902	0.198891	0.176232	0.185644	8,989,820	83,318,100
02/09/2018	0.182853	0.196239	0.172325	0.188848	6,204,850	81,079,100
02/08/2018	0.157552	0.195661	0.157552	0.183351	6,895,200	69,860,400
02/07/2018	0.173585	0.186932	0.157362	0.158416	7,915,700	76,969,800
02/06/2018	0.153254	0.175631	0.117335	0.174328	8,043,680	67,954,500
02/05/2018	0.201887	0.205154	0.140477	0.152540	7,530,130	89,518,700
02/04/2018	0.272991	0.272991	0.189530	0.202964	13,932,000	121,047,000
02/03/2018	0.229599	0.279318	0.207069	0.273091	15,820,900	101,806,000
02/02/2018	0.243322	0.243322	0.161880	0.228732	9,265,530	107,892,000
02/01/2018	0.278905	0.284726	0.220381	0.244026	15,734,500	123,669,000
01/31/2018	0.266121	0.282995	0.257865	0.279526	17,365,200	118,001,000
01/30/2018	0.339046	0.339046	0.256732	0.271982	18,459,700	150,336,000
01/29/2018	0.317201	0.358916	0.307602	0.341233	48,013,800	140,650,000
01/28/2018	0.268391	0.363972	0.266488	0.316138	29,756,700	119,007,000
01/27/2018	0.261990	0.272649	0.254511	0.266857	8,485,130	116,156,000
01/26/2018	0.268141	0.279673	0.242128	0.262113	11,217,600	118,883,000
01/25/2018	0.267702	0.279631	0.263976	0.269339	10,485,800	118,688,000
01/24/2018	0.262154	0.274945	0.248027	0.265287	11,251,300	116,228,000
01/23/2018	0.259109	0.274062	0.236649	0.262009	8,845,750	114,878,000
01/22/2018	0.275818	0.296324	0.241348	0.259177	11,549,800	122,287,000
01/21/2018	0.349624	0.349624	0.260289	0.272114	8,831,140	155,009,000
01/20/2018	0.286655	0.353540	0.286655	0.348602	13,614,100	127,091,000
01/19/2018	0.271623	0.301973	0.256028	0.284770	13,437,600	120,413,000
01/18/2018	0.258126	0.307827	0.249999	0.273528	16,317,500	114,430,000
01/17/2018	0.246012	0.261878	0.187881	0.260434	13,843,800	109,060,000
01/16/2018	0.324672	0.325007	0.206404	0.247402	16,667,000	143,926,000
01/15/2018	0.388474	0.390932	0.324809	0.325695	17,361,100	172,204,000
01/14/2018	0.407005	0.426053	0.359663	0.390473	18,605,400	180,419,000
01/13/2018	0.396010	0.442913	0.388453	0.406538	20,625,600	175,457,000
01/12/2018	0.410093	0.419079	0.392173	0.397146	20,777,800	181,697,000
01/11/2018	0.482648	0.487933	0.393296	0.408958	27,709,800	213,844,000
01/10/2018	0.512180	0.517205	0.439016	0.484114	28,222,200	226,928,000
01/09/2018	0.498671	0.570953	0.490885	0.510088	38,608,600	220,943,000
01/08/2018	0.569147	0.606490	0.423209	0.499420	40,384,200	246,526,000
01/07/2018	0.462816	0.609243	0.462816	0.562675	62,683,500	200,469,000
01/06/2018	0.401490	0.491737	0.400169	0.462070	34,546,400	173,906,000
01/05/2018	0.477985	0.518733	0.381295	0.406133	41,059,000	203,524,000
01/04/2018	0.550900	0.573803	0.435470	0.483815	46,547,400	234,571,000
01/03/2018	0.325964	0.563384	0.325964	0.543118	69,813,200	138,794,000
01/02/2018	0.258241	0.343503	0.256135	0.325625	30,638,800	109,958,000
01/01/2018	0.236731	0.268110	0.231027	0.256598	12,897,000	100,799,000
12/31/2017	0.210884	0.239558	0.206678	0.235751	10,047,700	89,793,500
12/30/2017	0.231497	0.231497	0.197313	0.212690	24,939,400	98,570,600
12/29/2017	0.217764	0.244798	0.206122	0.229937	17,735,100	91,460,800
12/28/2017	0.187700	0.228093	0.156780	0.215816	15,648,200	78,833,900
12/27/2017	0.181159	0.190101	0.172992	0.188430	6,040,750	76,086,900
12/26/2017	0.179128	0.189618	0.178169	0.180764	5,921,930	-
12/25/2017	0.181486	0.184476	0.172257	0.179031	4,089,140	-
12/24/2017	0.187198	0.187198	0.158351	0.179615	3,317,920	-
12/23/2017	0.175240	0.206144	0.172306	0.184949	4,002,350	-
12/22/2017	0.206228	0.208127	0.138151	0.173405	4,589,330	-
12/21/2017	0.215056	0.228034	0.199927	0.205286	6,496,440	-
12/20/2017	0.251065	0.251065	0.204632	0.214626	6,068,280	-
12/19/2017	0.226603	0.284489	0.226603	0.251326	19,793,900	-
12/18/2017	0.217647	0.227525	0.209309	0.226219	12,433,900	-
12/17/2017	0.193454	0.229235	0.193321	0.217708	18,253,800	-
12/16/2017	0.182383	0.207687	0.181898	0.193484	12,547,100	-
12/15/2017	0.185016	0.192016	0.164323	0.181003	10,288,300	-
12/14/2017	0.180238	0.194638	0.177612	0.185171	10,507,100	-
12/13/2017	0.192099	0.194159	0.170890	0.182052	8,055,430	-
12/12/2017	0.217422	0.219724	0.171280	0.192794	12,152,100	-
12/11/2017	0.222541	0.232261	0.200206	0.215209	8,665,320	-
12/10/2017	0.244774	0.247343	0.207507	0.224356	6,854,540	-
12/09/2017	0.163431	0.301512	0.161502	0.243881	20,293,600	-
12/08/2017	0.167717	0.176197	0.129504	0.162987	7,177,780	-
12/07/2017	0.177960	0.194467	0.166627	0.168071	7,124,640	-
12/06/2017	0.368892	0.438127	0.160091	0.180608	12,580,000	-
