Date	Open	High	Low	Close	Volume	Market Cap
07/15/2018	0.033492	0.035873	0.032885	0.035223	533,368	20,095,400
07/14/2018	0.034572	0.035257	0.033140	0.033546	395,582	20,743,300
07/13/2018	0.033926	0.036652	0.033903	0.034656	905,129	20,355,400
07/12/2018	0.034077	0.038688	0.031770	0.033756	1,979,720	20,446,300
07/11/2018	0.035014	0.036174	0.032774	0.034077	580,769	21,008,200
07/10/2018	0.040177	0.040571	0.034822	0.034857	423,797	24,106,400
07/09/2018	0.041926	0.042003	0.040079	0.040201	484,794	25,155,400
07/08/2018	0.042768	0.044001	0.041743	0.041840	405,953	25,660,900
07/07/2018	0.040589	0.042809	0.039871	0.042809	789,543	24,353,400
07/06/2018	0.039957	0.041805	0.037613	0.040529	713,334	23,974,300
07/05/2018	0.044105	0.044105	0.038994	0.039920	974,880	26,463,300
07/04/2018	0.037113	0.048226	0.037021	0.043957	6,432,540	22,267,600
07/03/2018	0.037849	0.040950	0.036661	0.036661	701,227	22,709,600
07/02/2018	0.034577	0.043195	0.034115	0.037943	2,527,390	20,746,400
07/01/2018	0.032657	0.039490	0.032172	0.034643	2,156,770	19,594,000
06/30/2018	0.030029	0.034247	0.029978	0.032606	777,033	18,017,200
06/29/2018	0.029525	0.030635	0.028458	0.030113	246,681	17,715,200
06/28/2018	0.030960	0.031480	0.029313	0.029515	244,346	18,575,800
06/27/2018	0.031017	0.031259	0.030255	0.030880	440,262	18,610,500
06/26/2018	0.032910	0.033094	0.031047	0.031109	210,006	19,746,000
06/25/2018	0.031759	0.034012	0.031406	0.032792	433,621	19,055,200
06/24/2018	0.035577	0.035648	0.030349	0.031815	458,124	21,346,300
06/23/2018	0.035585	0.036315	0.034676	0.035474	319,744	21,350,700
06/22/2018	0.041381	0.041381	0.034679	0.035506	625,434	24,828,300
06/21/2018	0.042334	0.042500	0.040741	0.041087	318,294	25,400,300
06/20/2018	0.044495	0.044559	0.040202	0.042270	775,201	26,697,100
06/19/2018	0.040856	0.045223	0.040337	0.044555	719,073	24,513,400
06/18/2018	0.040240	0.042822	0.038876	0.040879	336,767	24,144,000
06/17/2018	0.040225	0.041743	0.039732	0.040299	280,157	24,135,000
06/16/2018	0.039163	0.040426	0.038667	0.040154	325,184	23,498,000
06/15/2018	0.042632	0.043219	0.039084	0.039288	499,249	25,579,100
06/14/2018	0.038739	0.043483	0.038022	0.042674	644,436	23,243,200
06/13/2018	0.041934	0.042057	0.036707	0.038657	610,822	25,160,500
06/12/2018	0.044619	0.045997	0.041144	0.041823	532,605	26,771,600
06/11/2018	0.046388	0.046961	0.043525	0.044579	634,124	27,832,600
06/10/2018	0.054411	0.054411	0.045706	0.046342	813,433	32,646,400
06/09/2018	0.056586	0.058103	0.054534	0.054534	490,337	33,951,900
06/08/2018	0.058478	0.058972	0.055449	0.056595	428,053	35,086,900
06/07/2018	0.059477	0.061242	0.058317	0.058391	619,120	35,686,400
06/06/2018	0.061214	0.061725	0.058540	0.059356	516,178	36,728,200
06/05/2018	0.060814	0.062274	0.058421	0.061224	724,978	36,488,200
06/04/2018	0.065753	0.067458	0.060090	0.060735	1,545,890	39,452,100
06/03/2018	0.063650	0.068284	0.063587	0.065827	3,080,190	38,189,900
06/02/2018	0.063052	0.064766	0.061847	0.063732	654,033	37,831,300
06/01/2018	0.063225	0.063923	0.060641	0.063074	517,124	37,934,700
05/31/2018	0.060736	0.064865	0.059864	0.063024	769,651	36,441,800
05/30/2018	0.063818	0.065252	0.059075	0.060884	847,374	38,290,700
05/29/2018	0.056695	0.065105	0.055371	0.063684	1,576,220	34,017,100
05/28/2018	0.067329	0.067466	0.056384	0.056732	1,811,500	40,397,200
05/27/2018	0.064375	0.071472	0.062144	0.067545	3,996,050	38,624,800
05/26/2018	0.065427	0.066886	0.063974	0.064326	479,649	39,256,400
05/25/2018	0.067010	0.069128	0.064243	0.065792	751,258	40,205,800
05/24/2018	0.066113	0.067595	0.061155	0.067595	773,699	39,667,700
05/23/2018	0.071091	0.072251	0.062816	0.066157	1,343,980	42,654,400
05/22/2018	0.082910	0.083646	0.071139	0.071374	1,221,670	49,745,900
05/21/2018	0.085735	0.086468	0.082102	0.083153	899,347	51,441,300
05/20/2018	0.084011	0.087252	0.083440	0.085942	877,675	50,406,800
05/19/2018	0.083911	0.087992	0.082395	0.084443	1,575,140	50,346,900
05/18/2018	0.080279	0.084581	0.078469	0.084082	1,115,230	48,167,500
05/17/2018	0.083681	0.087279	0.079482	0.080037	1,123,910	50,208,500
05/16/2018	0.084843	0.091795	0.081007	0.083456	4,727,220	50,905,600
05/15/2018	0.090499	0.093355	0.084845	0.085229	1,642,140	54,299,600
05/14/2018	0.095732	0.096424	0.088302	0.090648	2,873,660	57,439,400
05/13/2018	0.083998	0.099047	0.082918	0.095528	3,223,320	50,398,600
05/12/2018	0.085036	0.088348	0.077915	0.083648	2,160,030	51,021,500
05/11/2018	0.093422	0.096438	0.083403	0.085137	4,424,920	56,053,200
05/10/2018	0.102412	0.114894	0.093219	0.093219	10,458,700	61,447,100
05/09/2018	0.096929	0.105963	0.089133	0.102807	6,526,360	58,157,700
05/08/2018	0.101521	0.104585	0.094352	0.097166	3,104,740	60,912,800
05/07/2018	0.100599	0.105707	0.096045	0.100975	4,401,830	60,359,400
05/06/2018	0.106117	0.106946	0.096023	0.100234	2,077,240	63,670,300
05/05/2018	0.109701	0.112256	0.105465	0.106471	2,746,040	65,820,600
05/04/2018	0.112252	0.117487	0.104895	0.109371	4,095,350	67,350,900
05/03/2018	0.110159	0.118084	0.107612	0.112975	4,753,380	66,095,300
05/02/2018	0.107488	0.112592	0.104333	0.110209	5,247,330	64,492,500
05/01/2018	0.103732	0.107482	0.095911	0.107482	5,759,120	62,239,000
04/30/2018	0.104347	0.115797	0.100346	0.103527	11,331,300	62,608,300
04/29/2018	0.099730	0.105349	0.094797	0.104533	5,436,850	59,838,000
04/28/2018	0.093094	0.100320	0.092905	0.099999	2,865,110	55,856,300
04/27/2018	0.102759	0.103654	0.092781	0.093722	5,626,410	61,655,300
04/26/2018	0.092681	0.103114	0.088916	0.102666	7,315,850	55,608,600
04/25/2018	0.104958	0.105643	0.087048	0.092130	6,363,280	62,974,600
04/24/2018	0.106506	0.111378	0.103822	0.105571	10,758,300	63,903,700
04/23/2018	0.109653	0.120476	0.102006	0.106629	39,156,600	65,791,500
04/22/2018	0.083775	0.151915	0.080913	0.107367	110,705,000	50,265,200
04/21/2018	0.086318	0.086531	0.077262	0.084207	2,983,140	51,790,500
04/20/2018	0.084870	0.088755	0.081108	0.086325	3,498,100	50,921,700
04/19/2018	0.080413	0.086080	0.079567	0.084953	3,571,110	48,247,600
04/18/2018	0.072525	0.081490	0.072525	0.080142	3,792,590	43,514,700
04/17/2018	0.073617	0.075535	0.072396	0.072485	2,258,100	44,170,000
04/16/2018	0.079923	0.082373	0.071291	0.073522	3,749,720	47,953,600
04/15/2018	0.073559	0.084152	0.073559	0.080253	8,487,790	44,135,300
04/14/2018	0.070010	0.076918	0.068573	0.073506	5,806,210	42,005,800
04/13/2018	0.066266	0.073666	0.064352	0.069891	3,944,510	39,759,900
04/12/2018	0.061414	0.066642	0.059166	0.066360	5,259,120	36,848,300
04/11/2018	0.059227	0.064087	0.057755	0.061576	5,179,890	35,536,200
04/10/2018	0.055710	0.065033	0.055459	0.059439	18,559,300	33,425,700
04/09/2018	0.055438	0.058186	0.051582	0.055525	4,437,040	33,262,900
04/08/2018	0.052570	0.055438	0.051637	0.055438	1,925,010	31,542,200
04/07/2018	0.048160	0.056541	0.048160	0.053053	6,115,780	28,895,800
04/06/2018	0.049863	0.053583	0.047884	0.048217	3,262,900	29,917,600
04/05/2018	0.050267	0.050991	0.048188	0.050098	1,510,500	30,159,900
04/04/2018	0.056757	0.056757	0.047402	0.050206	2,006,370	34,054,200
04/03/2018	0.054409	0.058300	0.051470	0.056745	3,629,760	32,645,100
04/02/2018	0.055317	0.060634	0.053650	0.054535	5,462,470	33,190,200
04/01/2018	0.065292	0.073427	0.052256	0.055959	17,334,000	39,174,900
03/31/2018	0.049802	0.070078	0.049321	0.066547	22,301,800	29,881,200
03/30/2018	0.050425	0.052562	0.046853	0.049422	1,196,900	30,254,900
03/29/2018	0.063724	0.064985	0.049782	0.050604	2,116,660	38,234,500
03/28/2018	0.064587	0.066869	0.061615	0.063630	3,234,900	38,752,100
03/27/2018	0.076138	0.077872	0.064559	0.064661	5,865,660	45,682,700
03/26/2018	0.089092	0.102119	0.067952	0.075161	31,018,400	53,455,100
03/25/2018	0.075816	0.117472	0.068464	0.089458	90,270,700	45,489,600
03/24/2018	0.053627	0.102833	0.053451	0.078183	26,680,000	32,176,300
03/23/2018	0.054720	0.054750	0.048594	0.052895	1,552,220	32,832,100
03/22/2018	0.053483	0.061844	0.052485	0.054608	3,221,440	32,090,000
03/21/2018	0.050432	0.059644	0.049137	0.054552	2,623,930	30,259,500
03/20/2018	0.048923	0.051051	0.044726	0.050259	993,940	29,353,500
03/19/2018	0.041917	0.056296	0.040341	0.048532	4,020,710	25,150,200
03/18/2018	0.044195	0.044195	0.033828	0.041839	958,086	26,517,000
03/17/2018	0.048628	0.048787	0.042965	0.044420	566,228	29,176,900
03/16/2018	0.049948	0.051267	0.046712	0.048671	592,671	29,968,900
03/15/2018	0.051099	0.052122	0.044321	0.049986	1,142,110	30,659,200
03/14/2018	0.059893	0.062381	0.049804	0.050995	907,564	35,935,500
03/13/2018	0.060166	0.061966	0.058279	0.059873	761,461	36,099,400
03/12/2018	0.063385	0.069458	0.058929	0.060554	1,369,190	38,030,800
03/11/2018	0.058292	0.064506	0.056023	0.063640	738,395	34,975,400
03/10/2018	0.063106	0.068335	0.057814	0.058468	988,639	37,863,600
03/09/2018	0.065482	0.067558	0.055352	0.063063	1,021,330	39,289,200
03/08/2018	0.071231	0.076944	0.065102	0.065661	1,786,050	42,738,600
03/07/2018	0.081800	0.085171	0.065850	0.071637	2,599,740	49,080,300
03/06/2018	0.092177	0.092177	0.080898	0.081939	1,641,520	55,306,500
03/05/2018	0.100971	0.100971	0.090107	0.092659	2,395,010	60,582,800
03/04/2018	0.105436	0.105483	0.093261	0.102497	5,899,080	63,261,500
03/03/2018	0.085481	0.109376	0.085481	0.109376	13,880,100	51,288,800
03/02/2018	0.087425	0.092262	0.082788	0.085643	2,826,860	52,454,900
03/01/2018	0.072841	0.092783	0.072220	0.086570	7,422,590	43,704,500
02/28/2018	0.080212	0.081661	0.072617	0.072617	1,356,910	48,127,100
02/27/2018	0.078921	0.082975	0.078095	0.079674	758,185	47,352,500
02/26/2018	0.077019	0.083225	0.075565	0.078474	1,375,420	46,211,500
02/25/2018	0.075647	0.078306	0.073276	0.076880	1,000,320	45,388,200
02/24/2018	0.080164	0.087735	0.072637	0.075662	1,533,740	48,098,200
02/23/2018	0.075856	0.083275	0.072524	0.080633	1,662,380	45,513,500
02/22/2018	0.082629	0.090535	0.074897	0.075808	1,345,910	49,577,400
02/21/2018	0.086968	0.090441	0.081147	0.082847	1,393,510	52,180,600
02/20/2018	0.102821	0.105150	0.087119	0.087119	2,169,290	61,692,500
02/19/2018	0.097626	0.109355	0.095040	0.102740	3,680,500	58,575,500
02/18/2018	0.111288	0.119849	0.095768	0.098105	5,608,280	66,772,900
02/17/2018	0.105932	0.111779	0.105509	0.110735	1,580,320	63,559,400
02/16/2018	0.104773	0.106973	0.098770	0.105551	1,436,230	62,863,700
02/15/2018	0.108708	0.109020	0.100012	0.104962	3,196,670	65,225,000
02/14/2018	0.090914	0.113093	0.089096	0.109445	14,530,400	54,548,400
02/13/2018	0.089265	0.091895	0.085223	0.090373	3,376,910	53,559,300
02/12/2018	0.077758	0.096059	0.077758	0.089994	3,414,780	46,654,700
02/11/2018	0.082122	0.083794	0.073203	0.077266	959,967	49,273,400
02/10/2018	0.089611	0.091616	0.077518	0.082179	1,801,900	53,766,500
02/09/2018	0.078836	0.090464	0.072746	0.089648	1,673,980	47,301,500
02/08/2018	0.076667	0.086721	0.073697	0.078545	5,458,070	46,000,500
02/07/2018	0.079071	0.089361	0.072216	0.076301	1,348,970	47,442,400
02/06/2018	0.065041	0.081130	0.053258	0.079413	967,247	39,024,300
02/05/2018	0.086796	0.094536	0.060061	0.064827	889,389	52,077,600
02/04/2018	0.106575	0.111152	0.083477	0.087828	993,036	63,945,100
02/03/2018	0.098424	0.110716	0.092363	0.106518	2,637,170	59,054,500
02/02/2018	0.102205	0.102205	0.074239	0.098007	1,690,090	61,323,300
02/01/2018	0.127621	0.133503	0.093835	0.102169	1,927,570	76,572,300
01/31/2018	0.128029	0.129775	0.115069	0.127137	2,061,870	76,817,600
01/30/2018	0.155117	0.155117	0.125781	0.127433	2,172,580	93,069,900
01/29/2018	0.166586	0.168947	0.152514	0.155686	2,150,660	99,951,300
01/28/2018	0.173347	0.175146	0.163526	0.167031	3,527,810	104,008,000
01/27/2018	0.160359	0.177532	0.154323	0.170893	3,924,270	96,215,200
01/26/2018	0.155567	0.182886	0.144425	0.161914	11,798,500	93,340,300
01/25/2018	0.163923	0.170881	0.151579	0.155590	2,207,120	98,354,000
01/24/2018	0.154971	0.166652	0.149669	0.163015	3,569,120	92,982,800
01/23/2018	0.161118	0.176430	0.139448	0.154373	3,335,960	96,670,800
01/22/2018	0.186322	0.187611	0.149207	0.161795	5,247,220	111,793,000
01/21/2018	0.240135	0.242245	0.168908	0.184935	9,580,460	144,081,000
01/20/2018	0.205714	0.249904	0.193288	0.243024	24,250,300	123,428,000
01/19/2018	0.166868	0.216737	0.165709	0.206336	10,338,400	100,121,000
01/18/2018	0.170458	0.188423	0.159036	0.168510	4,227,650	102,275,000
01/17/2018	0.150103	0.176363	0.115580	0.167050	5,043,860	90,061,900
01/16/2018	0.209871	0.209871	0.118653	0.150540	7,719,530	125,923,000
01/15/2018	0.236602	0.248798	0.210763	0.210763	6,393,950	141,961,000
01/14/2018	0.276775	0.276962	0.225125	0.239167	5,929,480	166,065,000
01/13/2018	0.296321	0.356582	0.269485	0.277246	25,722,800	177,793,000
01/12/2018	0.220881	0.301799	0.213818	0.297501	11,470,900	132,528,000
01/11/2018	0.273029	0.276881	0.199693	0.220420	9,699,710	163,817,000
01/10/2018	0.328311	0.328358	0.264294	0.272789	12,114,400	196,986,000
01/09/2018	0.344809	0.365012	0.323602	0.330307	15,058,300	206,886,000
01/08/2018	0.349557	0.380753	0.268098	0.347877	25,748,800	209,734,000
01/07/2018	0.404262	0.404262	0.336399	0.352051	24,136,300	242,557,000
01/06/2018	0.322746	0.482887	0.322746	0.403260	73,152,900	193,648,000
01/05/2018	0.233524	0.366337	0.215751	0.313419	31,984,000	140,115,000
01/04/2018	0.187024	0.267122	0.181641	0.239150	16,006,800	112,215,000
01/03/2018	0.166798	0.200038	0.146612	0.185651	12,242,200	100,079,000
01/02/2018	0.165876	0.188879	0.135000	0.167467	12,892,500	99,525,700
01/01/2018	0.145212	0.173074	0.139347	0.166968	11,162,300	87,127,200
12/31/2017	0.108961	0.158423	0.108881	0.144436	12,322,000	65,376,400
12/30/2017	0.120818	0.122878	0.100232	0.109622	4,516,520	72,491,100
12/29/2017	0.122979	0.129046	0.109921	0.121260	6,951,480	73,787,600
12/28/2017	0.133401	0.134113	0.101608	0.123486	10,803,300	80,040,600
12/27/2017	0.116999	0.134993	0.099108	0.131334	8,037,590	70,199,300
12/26/2017	0.124662	0.136721	0.101635	0.116322	11,172,400	74,797,400
12/25/2017	0.100011	0.164629	0.094594	0.124776	18,982,500	60,006,900
12/24/2017	0.098833	0.101265	0.083777	0.098755	4,924,660	59,299,700
12/23/2017	0.085974	0.120594	0.082014	0.098032	10,180,500	51,584,500
12/22/2017	0.097866	0.099652	0.056836	0.085042	7,048,010	58,719,900
12/21/2017	0.090226	0.118973	0.087739	0.096864	10,375,500	54,135,600
12/20/2017	0.088929	0.090217	0.077333	0.090163	5,727,550	53,357,200
12/19/2017	0.096143	0.104614	0.084049	0.088766	7,836,700	57,685,700
12/18/2017	0.086413	0.099451	0.079950	0.095438	8,667,440	51,847,500
12/17/2017	0.074281	0.105717	0.073276	0.086067	12,967,200	44,568,700
12/16/2017	0.060519	0.073523	0.059172	0.073523	6,273,610	36,311,600
12/15/2017	0.064912	0.064912	0.053017	0.059543	6,327,420	38,947,400
12/14/2017	0.047758	0.068901	0.047150	0.065694	7,504,670	28,655,000
12/13/2017	0.045333	0.049571	0.043427	0.047835	4,153,240	27,199,800
12/12/2017	0.047613	0.048230	0.043512	0.045802	4,400,510	28,567,500
12/11/2017	0.041879	0.049509	0.041455	0.047615	4,222,990	25,127,400
12/10/2017	0.043694	0.050609	0.038132	0.041792	4,084,160	26,216,200
12/09/2017	0.044724	0.050525	0.042256	0.044256	3,874,660	26,834,200
12/08/2017	0.051255	0.051255	0.039851	0.044682	3,516,730	30,752,900
12/07/2017	0.051270	0.055749	0.045136	0.051418	4,194,440	30,761,900
12/06/2017	0.056580	0.056750	0.047690	0.051357	3,688,750	33,948,100
12/05/2017	0.052478	0.058994	0.050700	0.056233	4,811,350	31,486,900
12/04/2017	0.044449	0.052148	0.044032	0.052148	2,774,740	26,669,300
12/03/2017	0.044851	0.047428	0.042168	0.044539	2,071,710	26,910,500
12/02/2017	0.043552	0.045562	0.041482	0.045006	2,031,800	26,131,300
12/01/2017	0.042111	0.044462	0.040330	0.043519	1,666,340	25,266,800
11/30/2017	0.039751	0.047692	0.037546	0.042258	2,232,160	23,850,600
11/29/2017	0.046887	0.049071	0.039237	0.039393	2,213,870	28,132,500
11/28/2017	0.046486	0.048629	0.045712	0.046942	2,653,640	27,891,400
11/27/2017	0.043590	0.046958	0.041973	0.046322	2,785,640	26,154,100
11/26/2017	0.041653	0.045521	0.040992	0.043701	2,543,350	24,991,600
11/25/2017	0.040416	0.042542	0.039959	0.041765	2,125,260	24,249,800
11/24/2017	0.040613	0.041195	0.038334	0.040438	2,222,160	24,367,500
11/23/2017	0.041296	0.042529	0.040758	0.040778	2,485,380	24,777,600
11/22/2017	0.041274	0.042131	0.040377	0.041082	2,379,550	24,764,300
11/21/2017	0.044290	0.044634	0.040600	0.041389	2,781,370	26,573,800
11/20/2017	0.040948	0.051729	0.040948	0.044394	6,305,500	24,569,000
11/19/2017	0.037750	0.046043	0.036546	0.040888	3,471,210	22,649,900
11/18/2017	0.034957	0.039660	0.033586	0.037556	2,256,460	20,974,200
11/17/2017	0.038839	0.039456	0.034923	0.035060	1,951,320	23,303,600
11/16/2017	0.039677	0.039934	0.037631	0.038869	2,169,240	23,806,000
11/15/2017	0.038491	0.041886	0.037779	0.039452	2,181,580	23,094,800
11/14/2017	0.038131	0.039094	0.036535	0.038520	1,955,830	22,878,400
11/13/2017	0.035019	0.040972	0.035019	0.037989	1,665,240	21,011,300
11/12/2017	0.040517	0.040517	0.031984	0.034751	1,752,970	24,310,500
11/11/2017	0.041340	0.043538	0.038926	0.040396	2,076,780	24,803,700
11/10/2017	0.048597	0.050117	0.040072	0.041640	2,565,940	29,157,900
11/09/2017	0.047350	0.055480	0.046046	0.049230	4,443,080	28,409,800
11/08/2017	0.038829	0.049953	0.038233	0.047552	3,437,100	23,297,100
11/07/2017	0.040865	0.041633	0.038227	0.039001	2,049,500	24,519,300
11/06/2017	0.037327	0.043106	0.036555	0.040964	2,433,360	22,396,200
11/05/2017	0.038571	0.038571	0.036476	0.037179	1,807,190	23,142,500
11/04/2017	0.038489	0.038969	0.036051	0.038224	1,856,090	23,093,700
11/03/2017	0.036369	0.039069	0.034488	0.038483	1,900,500	21,821,100
11/02/2017	0.036512	0.038446	0.034150	0.036505	1,986,010	21,907,400
11/01/2017	0.042318	0.042522	0.036572	0.036572	2,247,830	25,390,500
10/31/2017	0.047413	0.049212	0.042082	0.042506	2,568,120	28,447,600
10/30/2017	0.044021	0.050536	0.043283	0.047102	3,158,040	26,412,400
10/29/2017	0.043252	0.046144	0.042306	0.044062	2,883,990	25,951,100
10/28/2017	0.051760	0.051760	0.042938	0.043518	2,868,770	31,056,100
10/27/2017	0.054263	0.055019	0.050073	0.051787	3,053,790	32,557,800
10/26/2017	0.058336	0.061722	0.052730	0.054106	3,418,210	35,001,500
10/25/2017	0.068952	0.068952	0.057326	0.058246	4,498,510	41,371,300
10/24/2017	0.064104	0.080067	0.061413	0.068618	6,691,940	38,462,300
10/23/2017	0.066419	0.069357	0.057907	0.064116	4,113,780	39,851,300
10/22/2017	0.059003	0.069379	0.057600	0.066408	5,199,930	35,402,100
10/21/2017	0.071289	0.083222	0.052802	0.058339	11,088,500	42,773,200
10/20/2017	0.052338	0.071851	0.049340	0.070708	8,682,000	31,402,700
10/19/2017	0.039683	0.054369	0.039085	0.052435	4,136,590	23,809,900
10/18/2017	0.038293	0.039804	0.036334	0.039759	1,950,560	22,975,600
10/17/2017	0.044694	0.046441	0.037949	0.038548	2,306,250	26,816,200
10/16/2017	0.051404	0.052019	0.043279	0.044471	2,701,220	30,842,600
10/15/2017	0.070000	0.090036	0.045630	0.051551	6,221,440	41,999,700
10/14/2017	0.032832	0.069309	0.032755	0.069309	921,853	19,699,100
10/13/2017	0.036992	0.036992	0.031712	0.032178	419,247	22,195,500
10/12/2017	0.037768	0.039695	0.035074	0.037013	389,822	22,660,900
10/11/2017	0.036455	0.039496	0.036455	0.037912	396,965	21,873,100
10/10/2017	0.036670	0.037304	0.035464	0.036352	440,860	22,002,100
10/09/2017	0.039263	0.040568	0.035448	0.036118	483,915	23,557,900
10/08/2017	0.044838	0.045829	0.038890	0.039596	444,014	26,902,700
10/07/2017	0.047682	0.047862	0.043437	0.044891	458,464	28,609,100
10/06/2017	0.048012	0.050063	0.046451	0.047712	503,372	28,807,300
10/05/2017	0.049924	0.050501	0.047076	0.047976	443,773	29,954,300
10/04/2017	0.047600	0.051945	0.046789	0.049891	538,490	28,560,000
10/03/2017	0.055717	0.056425	0.043994	0.047434	841,792	33,430,400
10/02/2017	0.048156	0.057795	0.046796	0.055509	933,650	28,893,400
10/01/2017	0.047845	0.050364	0.045756	0.047825	587,630	28,707,100
09/30/2017	0.040457	0.047979	0.040351	0.047508	487,970	24,274,100
09/29/2017	0.046023	0.046076	0.039152	0.040592	494,011	27,613,800
09/28/2017	0.047497	0.049136	0.044069	0.046068	468,590	28,498,200
09/27/2017	0.037685	0.051697	0.036676	0.047052	711,215	22,610,900
09/26/2017	0.039131	0.040612	0.036201	0.037790	428,580	23,478,900
09/25/2017	0.033985	0.039775	0.033868	0.039253	513,796	20,390,900
09/24/2017	0.038447	0.039471	0.033751	0.034170	378,120	23,068,300
09/23/2017	0.036493	0.038668	0.035650	0.038565	335,854	21,895,700
09/22/2017	0.035434	0.056295	0.033092	0.036488	343,870	21,260,200
09/21/2017	0.040693	0.042047	0.033636	0.035334	635,622	24,415,800
09/20/2017	0.039832	0.070745	0.039354	0.041053	500,317	23,899,200
09/19/2017	0.043601	0.043980	0.038324	0.039933	487,924	26,160,300
09/18/2017	0.042440	0.047247	0.041964	0.042849	478,692	25,464,300
09/17/2017	0.044264	0.044899	0.041209	0.042460	268,366	26,558,200
09/16/2017	0.052778	0.052790	0.041404	0.044395	467,627	31,666,900
09/15/2017	0.035301	0.050473	0.031009	0.050473	621,230	21,180,900
09/14/2017	0.042338	0.043328	0.033055	0.035120	469,622	25,402,700
09/13/2017	0.049963	0.050798	0.038395	0.041131	653,746	29,978,100
09/12/2017	0.051846	0.055934	0.049523	0.049907	704,886	31,107,600
09/11/2017	0.058106	0.058493	0.050059	0.051911	772,181	34,863,400
09/10/2017	0.061808	0.061863	0.054858	0.057968	571,372	37,084,600
09/09/2017	0.062245	0.064803	0.058251	0.061366	564,833	37,347,100
09/08/2017	0.071715	0.134379	0.056622	0.062476	782,108	43,028,900
09/07/2017	0.073210	0.076467	0.067437	0.074184	1,124,070	43,926,200
09/06/2017	0.069470	0.078664	0.069283	0.073034	1,068,510	41,681,800
09/05/2017	0.066011	0.071747	0.058008	0.069665	1,125,460	39,606,800
09/04/2017	0.091037	0.093303	0.052453	0.066214	1,678,800	54,622,400
09/03/2017	0.083079	0.094647	0.072920	0.090513	1,503,230	49,847,400
09/02/2017	0.086503	0.090045	0.073757	0.082705	1,333,710	51,901,900
09/01/2017	0.111527	0.112378	0.083861	0.086394	2,319,130	66,916,400
08/31/2017	0.110259	0.127284	0.098338	0.111031	2,298,490	66,155,200
08/30/2017	0.109596	0.110908	0.091783	0.110577	2,674,230	65,757,800
08/29/2017	0.130420	0.130420	0.109419	0.110436	2,168,480	78,251,800
08/28/2017	0.134418	0.135371	0.115262	0.129418	2,431,000	80,650,700
08/27/2017	0.137742	0.162886	0.129784	0.134479	3,406,810	82,645,000
08/26/2017	0.120390	0.136280	0.114624	0.136280	2,164,480	72,233,800
08/25/2017	0.146552	0.162127	0.119329	0.120034	2,790,640	87,931,300
08/24/2017	0.142492	0.160901	0.139767	0.148134	2,802,790	85,495,400
08/23/2017	0.168603	0.173676	0.131380	0.139432	3,850,250	101,162,000
08/22/2017	0.197746	0.197746	0.136344	0.170682	6,830,020	118,648,000
08/21/2017	0.242319	0.261498	0.184282	0.197774	8,206,680	145,391,000
08/20/2017	0.176636	0.257331	0.165119	0.257331	7,091,820	105,982,000
08/19/2017	0.160665	0.181790	0.135437	0.174822	6,417,990	96,398,700
08/18/2017	0.128668	0.160527	0.120707	0.159238	5,461,690	77,200,500
08/17/2017	0.148403	0.152524	0.125403	0.129500	3,245,070	89,041,600
08/16/2017	0.140152	0.167440	0.124014	0.148395	4,019,170	84,091,100
08/15/2017	0.170467	0.173823	0.132964	0.142708	6,063,050	102,280,000
08/14/2017	0.091006	0.185669	0.088502	0.170640	9,015,780	54,603,700
08/13/2017	0.082345	0.093079	0.073918	0.090571	2,057,130	49,406,900
08/12/2017	0.086645	0.097637	0.070346	0.082309	2,391,150	51,987,200
08/11/2017	0.059205	0.098248	0.059205	0.084747	5,345,970	35,523,100
08/10/2017	0.036578	0.065518	0.034908	0.058238	4,150,970	21,947,000
08/09/2017	0.024967	0.036884	0.024967	0.035532	1,651,950	14,980,200
08/08/2017	0.025753	0.026181	0.019153	0.026181	972,596	15,452,100
08/07/2017	0.026162	0.026162	0.022468	0.025697	1,122,250	15,697,200
08/06/2017	0.019364	0.033098	0.019321	0.026400	2,683,390	11,618,500
08/05/2017	0.017493	0.019874	0.016233	0.019226	573,192	-
08/04/2017	0.015633	0.025276	0.013642	0.017548	310,904	-
08/03/2017	0.018737	0.018737	0.013456	0.015591	30,593	-
