Date	Open	High	Low	Close	Volume	Market Cap
07/15/2018	0.023712	0.025861	0.023617	0.025442	1,917,970	118,816,000
07/14/2018	0.023772	0.024043	0.023165	0.023818	1,492,830	119,116,000
07/13/2018	0.023878	0.024503	0.023492	0.023744	1,840,140	119,651,000
07/12/2018	0.024852	0.025056	0.023242	0.023679	1,916,710	124,529,000
07/11/2018	0.024650	0.025224	0.024147	0.024775	1,437,590	123,518,000
07/10/2018	0.028565	0.028565	0.024580	0.024659	1,981,680	143,135,000
07/09/2018	0.029426	0.029531	0.028326	0.028578	1,337,380	147,448,000
07/08/2018	0.029497	0.029889	0.028959	0.029395	1,333,480	147,808,000
07/07/2018	0.029408	0.029469	0.027816	0.029469	2,104,010	147,358,000
07/06/2018	0.029686	0.030015	0.028916	0.029430	2,983,840	148,751,000
07/05/2018	0.028688	0.030630	0.028434	0.029624	3,207,110	143,752,000
07/04/2018	0.028026	0.029758	0.027676	0.028526	2,637,230	140,434,000
07/03/2018	0.028898	0.029688	0.027885	0.027997	2,784,490	144,804,000
07/02/2018	0.027293	0.029331	0.026757	0.028939	3,610,720	136,763,000
07/01/2018	0.024445	0.027568	0.023728	0.027283	4,232,750	122,488,000
06/30/2018	0.023154	0.025254	0.023151	0.024484	2,404,560	116,022,000
06/29/2018	0.022136	0.023302	0.021288	0.023171	1,525,320	110,921,000
06/28/2018	0.023530	0.023943	0.022144	0.022274	1,418,770	117,907,000
06/27/2018	0.022990	0.024109	0.022815	0.023503	950,974	115,200,000
06/26/2018	0.023794	0.023794	0.022861	0.022999	1,159,560	119,227,000
06/25/2018	0.023254	0.024302	0.022764	0.023757	1,694,630	116,522,000
06/24/2018	0.024429	0.024712	0.021925	0.023318	2,052,460	122,410,000
06/23/2018	0.024079	0.024949	0.023561	0.024449	1,974,040	120,657,000
06/22/2018	0.029675	0.030331	0.023613	0.024072	5,722,820	148,697,000
06/21/2018	0.024831	0.030871	0.023836	0.029685	7,384,940	124,426,000
06/20/2018	0.025546	0.025567	0.023800	0.024840	1,621,960	128,009,000
06/19/2018	0.025735	0.025860	0.024911	0.025528	2,519,540	128,954,000
06/18/2018	0.024482	0.026766	0.023899	0.025743	2,134,020	118,951,000
06/17/2018	0.024875	0.025175	0.024447	0.024497	1,213,830	120,857,000
06/16/2018	0.025131	0.025558	0.024352	0.024865	1,312,040	122,103,000
06/15/2018	0.027195	0.027457	0.025152	0.025203	1,394,740	132,131,000
06/14/2018	0.024883	0.027346	0.024410	0.027185	1,873,090	120,900,000
06/13/2018	0.025583	0.025747	0.023422	0.024843	1,376,420	124,300,000
06/12/2018	0.028713	0.028713	0.025338	0.025479	1,420,730	139,509,000
06/11/2018	0.027387	0.028772	0.026860	0.028689	1,104,820	133,063,000
06/10/2018	0.033183	0.033183	0.026887	0.027480	2,065,490	161,226,000
06/09/2018	0.033890	0.034244	0.033110	0.033110	937,664	164,661,000
06/08/2018	0.033599	0.034012	0.032621	0.033886	1,282,170	163,245,000
06/07/2018	0.034023	0.034570	0.033515	0.033547	1,272,470	165,308,000
06/06/2018	0.034711	0.034799	0.033478	0.033996	1,307,330	168,649,000
06/05/2018	0.033950	0.034922	0.033247	0.034701	1,587,680	164,953,000
06/04/2018	0.035470	0.035774	0.032961	0.033944	1,715,940	172,336,000
06/03/2018	0.035599	0.036356	0.035011	0.035602	2,612,520	172,965,000
06/02/2018	0.034642	0.036484	0.034642	0.035567	2,396,320	168,315,000
06/01/2018	0.033949	0.034753	0.033729	0.034728	2,087,980	164,948,000
05/31/2018	0.033775	0.034826	0.033217	0.033927	1,927,900	164,103,000
05/30/2018	0.034120	0.035236	0.032640	0.033721	2,812,730	165,779,000
05/29/2018	0.031197	0.034643	0.030970	0.034112	2,591,740	151,577,000
05/28/2018	0.035069	0.035835	0.030834	0.031255	2,770,590	170,389,000
05/27/2018	0.035001	0.035589	0.034267	0.034998	1,416,180	170,056,000
05/26/2018	0.034697	0.036587	0.034608	0.034956	1,809,710	168,583,000
05/25/2018	0.036584	0.038154	0.034028	0.034762	2,979,810	177,748,000
05/24/2018	0.035257	0.037228	0.031874	0.036354	5,558,750	171,303,000
05/23/2018	0.041576	0.041797	0.033745	0.035568	4,758,080	202,005,000
05/22/2018	0.046587	0.046635	0.041339	0.041605	2,936,170	226,349,000
05/21/2018	0.048108	0.048441	0.045598	0.046648	3,208,910	233,741,000
05/20/2018	0.047493	0.049054	0.047189	0.048090	3,413,470	230,750,000
05/19/2018	0.046332	0.050163	0.045988	0.047535	5,903,070	225,114,000
05/18/2018	0.046811	0.051149	0.044569	0.046336	14,793,700	227,438,000
05/17/2018	0.044287	0.052364	0.044000	0.046770	10,874,900	215,175,000
05/16/2018	0.045557	0.045557	0.042055	0.044267	3,222,060	221,344,000
05/15/2018	0.047102	0.049543	0.045299	0.045508	3,815,840	228,852,000
05/14/2018	0.048395	0.048934	0.043946	0.047116	5,739,710	235,136,000
05/13/2018	0.045942	0.050167	0.043265	0.048703	6,529,390	223,216,000
05/12/2018	0.044708	0.047337	0.039556	0.045784	6,021,610	217,221,000
05/11/2018	0.053622	0.053622	0.043700	0.044864	8,182,610	260,530,000
05/10/2018	0.053771	0.058867	0.053667	0.053922	10,923,500	261,253,000
05/09/2018	0.055816	0.056104	0.052020	0.053712	7,077,720	271,192,000
05/08/2018	0.057061	0.061001	0.053431	0.056334	16,244,400	277,237,000
05/07/2018	0.054142	0.060927	0.050225	0.056893	50,913,100	263,058,000
05/06/2018	0.051483	0.054088	0.048886	0.053710	9,066,120	250,138,000
05/05/2018	0.051144	0.052084	0.050674	0.051420	4,789,290	248,490,000
05/04/2018	0.052219	0.053109	0.049416	0.051098	7,022,170	253,712,000
05/03/2018	0.050341	0.054398	0.049922	0.052698	17,193,100	237,785,000
05/02/2018	0.047617	0.050586	0.047254	0.050260	8,826,400	224,919,000
05/01/2018	0.047969	0.048075	0.044770	0.047840	5,718,630	226,579,000
04/30/2018	0.047514	0.050426	0.047017	0.048061	10,131,800	224,429,000
04/29/2018	0.046255	0.047973	0.045530	0.047528	5,856,920	218,485,000
04/28/2018	0.044225	0.047430	0.043913	0.046186	4,762,150	208,897,000
04/27/2018	0.046094	0.047247	0.044324	0.044482	4,037,480	217,722,000
04/26/2018	0.041851	0.045997	0.040376	0.045997	8,534,690	197,684,000
04/25/2018	0.050993	0.050993	0.041015	0.041450	7,556,380	240,862,000
04/24/2018	0.048213	0.052019	0.048013	0.051277	6,071,590	227,735,000
04/23/2018	0.046573	0.049198	0.046383	0.048170	3,756,200	219,988,000
04/22/2018	0.045137	0.049069	0.044299	0.046676	3,866,370	213,206,000
04/21/2018	0.047403	0.048146	0.041632	0.045143	2,972,630	223,908,000
04/20/2018	0.045106	0.047504	0.043368	0.047360	3,376,190	213,055,000
04/19/2018	0.043350	0.045635	0.042259	0.045067	3,463,440	204,764,000
04/18/2018	0.039637	0.043468	0.039597	0.043299	2,484,330	187,223,000
04/17/2018	0.040519	0.041686	0.039501	0.039609	2,731,530	191,390,000
04/16/2018	0.042578	0.043004	0.038158	0.040461	1,811,380	201,115,000
04/15/2018	0.041368	0.043011	0.040811	0.042636	2,514,410	195,401,000
04/14/2018	0.037423	0.043297	0.037195	0.041471	7,930,140	176,769,000
04/13/2018	0.036175	0.041645	0.035426	0.037194	3,906,700	170,874,000
04/12/2018	0.033065	0.036199	0.031391	0.036093	5,798,820	156,181,000
04/11/2018	0.029431	0.033673	0.029431	0.033117	2,635,600	139,019,000
04/10/2018	0.028927	0.029631	0.028479	0.029402	677,496	136,635,000
04/09/2018	0.030272	0.031285	0.028428	0.028984	817,636	142,990,000
04/08/2018	0.029979	0.030697	0.029770	0.030244	656,471	141,603,000
04/07/2018	0.029121	0.030849	0.028958	0.029877	602,852	137,552,000
04/06/2018	0.029516	0.029676	0.028317	0.029137	645,598	139,420,000
04/05/2018	0.029437	0.030324	0.028583	0.029639	1,029,740	139,046,000
04/04/2018	0.032433	0.032855	0.028987	0.029360	836,646	149,355,000
04/03/2018	0.030394	0.033337	0.030034	0.032529	1,105,030	139,967,000
04/02/2018	0.029544	0.031112	0.029366	0.030402	730,792	136,052,000
04/01/2018	0.030907	0.031803	0.027481	0.029407	874,322	142,328,000
03/31/2018	0.030054	0.033240	0.030054	0.030846	4,762,290	138,402,000
03/30/2018	0.031100	0.032495	0.029055	0.030187	1,157,710	143,217,000
03/29/2018	0.037753	0.037971	0.030789	0.031234	1,447,220	173,857,000
03/28/2018	0.035978	0.038645	0.035616	0.037709	1,596,660	165,682,000
03/27/2018	0.037774	0.039991	0.034853	0.036143	3,405,170	173,951,000
03/26/2018	0.041780	0.042023	0.035705	0.038035	1,612,100	192,401,000
03/25/2018	0.040635	0.043087	0.039619	0.041555	1,624,460	187,126,000
03/24/2018	0.041007	0.045263	0.040676	0.041160	2,559,940	188,840,000
03/23/2018	0.039386	0.041613	0.037106	0.040753	2,115,910	181,374,000
03/22/2018	0.040773	0.042822	0.037922	0.039460	1,453,160	187,764,000
03/21/2018	0.040354	0.044184	0.039825	0.040801	2,372,900	185,832,000
03/20/2018	0.039108	0.040957	0.036004	0.040244	2,009,550	180,094,000
03/19/2018	0.035306	0.039267	0.035036	0.038860	1,758,780	162,587,000
03/18/2018	0.035182	0.035650	0.028541	0.035499	1,508,220	162,016,000
03/17/2018	0.038106	0.039568	0.034690	0.035268	785,848	175,482,000
03/16/2018	0.038334	0.040179	0.036334	0.038152	725,472	176,530,000
03/15/2018	0.037421	0.040029	0.034643	0.038172	1,558,430	172,327,000
03/14/2018	0.044501	0.045777	0.035531	0.037458	1,318,880	204,931,000
03/13/2018	0.044888	0.048258	0.043340	0.044507	1,073,370	206,713,000
03/12/2018	0.048140	0.049912	0.043656	0.045310	867,750	221,689,000
03/11/2018	0.043146	0.048406	0.041685	0.048406	730,071	198,689,000
03/10/2018	0.045709	0.049113	0.042892	0.043396	1,151,800	210,492,000
03/09/2018	0.043035	0.045645	0.038233	0.045426	1,851,270	198,177,000
03/08/2018	0.048795	0.049854	0.041898	0.043307	1,695,910	224,704,000
03/07/2018	0.055008	0.056088	0.043558	0.048762	3,166,000	253,317,000
03/06/2018	0.062550	0.063614	0.054194	0.054853	2,643,570	288,047,000
03/05/2018	0.059447	0.065083	0.058700	0.062710	3,025,240	273,760,000
03/04/2018	0.063677	0.064258	0.059320	0.060104	2,485,120	293,239,000
03/03/2018	0.069738	0.073733	0.061359	0.063579	12,954,800	314,076,000
03/02/2018	0.057003	0.067909	0.057003	0.067576	12,472,000	256,726,000
03/01/2018	0.053167	0.064486	0.051370	0.057569	8,964,310	239,446,000
02/28/2018	0.052219	0.053393	0.049704	0.051556	1,950,090	235,179,000
02/27/2018	0.052260	0.053535	0.051503	0.052306	1,258,330	235,360,000
02/26/2018	0.051502	0.053049	0.049401	0.052285	1,775,610	231,948,000
02/25/2018	0.050943	0.054439	0.049654	0.051405	1,964,860	229,433,000
02/24/2018	0.052193	0.054015	0.049145	0.051299	3,225,860	235,061,000
02/23/2018	0.048930	0.057524	0.047061	0.052368	5,042,860	220,366,000
02/22/2018	0.051405	0.054866	0.046091	0.048949	2,093,410	231,511,000
02/21/2018	0.056190	0.057060	0.049211	0.051570	2,690,540	253,061,000
02/20/2018	0.063428	0.064788	0.055401	0.056125	3,973,250	285,662,000
02/19/2018	0.058225	0.063849	0.057927	0.063456	2,867,590	262,227,000
02/18/2018	0.066554	0.066554	0.057582	0.058461	4,457,380	299,739,000
02/17/2018	0.059284	0.067784	0.058610	0.066580	9,093,090	266,995,000
02/16/2018	0.057950	0.060027	0.055970	0.059305	2,886,310	260,990,000
02/15/2018	0.057183	0.060248	0.055437	0.058337	5,139,600	257,533,000
02/14/2018	0.050750	0.058909	0.050715	0.056712	5,003,890	228,561,000
02/13/2018	0.054686	0.054863	0.050555	0.050970	2,147,180	246,289,000
02/12/2018	0.052346	0.055466	0.050991	0.054698	5,681,620	235,750,000
02/11/2018	0.057903	0.057903	0.050955	0.052265	3,521,140	260,777,000
02/10/2018	0.061282	0.066089	0.055424	0.058294	6,459,930	275,996,000
02/09/2018	0.062460	0.066954	0.059279	0.061310	2,896,270	281,298,000
02/08/2018	0.055862	0.066471	0.055862	0.062326	30,484,100	251,585,000
02/07/2018	0.052804	0.073921	0.049521	0.056792	33,022,100	237,815,000
02/06/2018	0.039128	0.054886	0.030425	0.053783	7,741,380	176,218,000
02/05/2018	0.050272	0.053088	0.033928	0.039174	5,487,810	222,156,000
02/04/2018	0.059864	0.060696	0.046892	0.050839	5,149,340	264,542,000
02/03/2018	0.053481	0.063051	0.048587	0.059627	18,223,200	236,336,000
02/02/2018	0.068602	0.068602	0.046286	0.053772	10,160,400	303,156,000
02/01/2018	0.085472	0.085672	0.061932	0.068446	7,097,260	377,708,000
01/31/2018	0.079348	0.085284	0.073426	0.085182	6,233,640	350,647,000
01/30/2018	0.095229	0.095960	0.077133	0.079490	7,176,750	420,824,000
01/29/2018	0.100500	0.101651	0.093674	0.094964	6,290,310	444,120,000
01/28/2018	0.104341	0.106274	0.099867	0.100382	8,754,270	461,090,000
01/27/2018	0.095338	0.108534	0.093411	0.103826	16,680,100	421,305,000
01/26/2018	0.097634	0.100659	0.087744	0.095439	6,307,830	431,454,000
01/25/2018	0.100874	0.105160	0.095867	0.097796	6,874,010	445,772,000
01/24/2018	0.097108	0.106303	0.094696	0.099704	12,106,500	429,129,000
01/23/2018	0.099053	0.104344	0.086663	0.096992	8,976,350	437,726,000
01/22/2018	0.106449	0.115283	0.088589	0.099550	13,423,400	470,405,000
01/21/2018	0.123040	0.123863	0.097074	0.105991	14,040,000	543,726,000
01/20/2018	0.123651	0.127493	0.118071	0.123047	21,431,800	546,425,000
01/19/2018	0.110929	0.142706	0.109036	0.122241	44,912,300	490,203,000
01/18/2018	0.095271	0.117459	0.090706	0.111291	22,565,700	421,013,000
01/17/2018	0.085094	0.097653	0.061945	0.095050	20,074,900	376,036,000
01/16/2018	0.122015	0.122155	0.061580	0.085204	20,859,200	518,550,000
01/15/2018	0.129670	0.143330	0.122314	0.122314	22,038,600	551,083,000
01/14/2018	0.138812	0.138812	0.118297	0.131146	15,949,000	589,933,000
01/13/2018	0.141895	0.148734	0.135387	0.138567	19,531,900	603,034,000
01/12/2018	0.132522	0.149746	0.127522	0.142072	20,861,000	563,201,000
01/11/2018	0.162538	0.169111	0.123488	0.131223	26,597,700	690,766,000
01/10/2018	0.176808	0.177023	0.143732	0.162330	46,785,200	751,412,000
01/09/2018	0.192071	0.195778	0.170578	0.177338	117,367,000	816,277,000
01/08/2018	0.167964	0.196429	0.128271	0.192615	82,403,300	713,827,000
01/07/2018	0.172849	0.194227	0.159468	0.167692	51,203,500	734,586,000
01/06/2018	0.163562	0.184515	0.157315	0.172800	48,098,700	695,118,000
01/05/2018	0.167685	0.189302	0.143586	0.160535	64,546,500	712,640,000
01/04/2018	0.110277	0.189511	0.107192	0.174164	131,221,000	468,662,000
01/03/2018	0.089325	0.108342	0.084614	0.108342	41,199,200	379,620,000
01/02/2018	0.085631	0.093666	0.077151	0.089483	30,096,800	363,920,000
01/01/2018	0.085611	0.093457	0.083372	0.085914	36,808,800	363,838,000
12/31/2017	0.091305	0.125977	0.080964	0.084824	87,329,500	388,037,000
12/30/2017	0.060553	0.101727	0.054477	0.090940	53,384,700	257,342,000
12/29/2017	0.054983	0.063860	0.053840	0.061076	10,373,900	233,671,000
12/28/2017	0.056523	0.056571	0.048909	0.054485	5,162,520	240,216,000
12/27/2017	0.057070	0.061739	0.051917	0.056327	6,387,220	242,540,000
12/26/2017	0.057895	0.061577	0.052304	0.056605	6,468,310	246,047,000
12/25/2017	0.057979	0.067347	0.056674	0.057649	6,612,320	246,402,000
12/24/2017	0.061935	0.061935	0.048267	0.057590	8,618,970	263,217,000
12/23/2017	0.047068	0.070628	0.047068	0.061680	13,730,900	200,034,000
12/22/2017	0.060624	0.062044	0.034631	0.046831	9,797,660	257,643,000
12/21/2017	0.053389	0.069748	0.052841	0.060154	20,214,200	226,898,000
12/20/2017	0.056815	0.057690	0.048266	0.053108	17,049,900	241,455,000
12/19/2017	0.063628	0.065284	0.053820	0.056961	16,081,000	270,411,000
12/18/2017	0.046802	0.066801	0.043976	0.063505	22,331,600	198,903,000
12/17/2017	0.041973	0.050418	0.041397	0.046757	11,758,400	178,380,000
12/16/2017	0.039946	0.044336	0.039897	0.041571	6,583,660	169,765,000
12/15/2017	0.040064	0.044190	0.037138	0.040445	4,617,320	170,267,000
12/14/2017	0.042264	0.043035	0.036900	0.040176	6,016,280	179,615,000
12/13/2017	0.035880	0.043269	0.035432	0.042410	5,491,570	152,484,000
12/12/2017	0.031523	0.036557	0.029978	0.035930	3,127,600	133,967,000
12/11/2017	0.028527	0.034451	0.028444	0.031728	2,137,410	121,237,000
12/10/2017	0.031605	0.031605	0.025812	0.028762	1,470,340	134,317,000
12/09/2017	0.031791	0.034129	0.028729	0.031622	2,285,380	135,108,000
12/08/2017	0.029646	0.032661	0.025933	0.031608	3,271,200	125,990,000
12/07/2017	0.037430	0.037430	0.029683	0.029683	5,212,120	159,075,000
12/06/2017	0.029623	0.040295	0.029015	0.038486	3,895,850	125,893,000
12/05/2017	0.032140	0.033296	0.029413	0.029618	2,230,080	136,590,000
12/04/2017	0.027264	0.032817	0.026158	0.032327	2,052,080	115,867,000
12/03/2017	0.025416	0.030157	0.025220	0.027136	1,148,140	108,014,000
12/02/2017	0.026699	0.027791	0.024338	0.025527	1,201,520	113,469,000
12/01/2017	0.025782	0.027984	0.024440	0.026820	1,256,520	109,569,000
11/30/2017	0.024766	0.027287	0.023188	0.025944	1,561,920	105,252,000
11/29/2017	0.027141	0.032178	0.024074	0.024179	3,892,940	115,345,000
11/28/2017	0.023252	0.029247	0.023211	0.027416	2,116,580	98,818,100
11/27/2017	0.022992	0.023788	0.021999	0.023243	1,194,750	97,712,200
11/26/2017	0.022516	0.023482	0.020434	0.023247	1,337,430	95,692,200
11/25/2017	0.023390	0.023954	0.021655	0.022556	1,538,280	99,405,900
11/24/2017	0.023195	0.023932	0.022226	0.023502	1,291,610	98,576,100
11/23/2017	0.022258	0.024538	0.021614	0.023198	1,844,370	94,592,000
11/22/2017	0.019512	0.024978	0.019457	0.022252	3,346,260	78,049,700
11/21/2017	0.017986	0.019988	0.017531	0.019468	1,473,070	71,944,500
11/20/2017	0.016968	0.018724	0.016759	0.017957	1,412,660	67,873,500
11/19/2017	0.016304	0.018229	0.016003	0.016945	1,215,510	65,215,500
11/18/2017	0.015819	0.016435	0.014838	0.016303	976,473	63,277,300
11/17/2017	0.016765	0.017299	0.015751	0.015950	805,854	67,057,900
11/16/2017	0.016214	0.017795	0.015949	0.016858	1,453,230	64,855,300
11/15/2017	0.014765	0.017083	0.014765	0.016164	1,004,220	59,058,700
11/14/2017	0.014326	0.015097	0.013884	0.014862	866,759	57,305,700
11/13/2017	0.012837	0.014769	0.012828	0.014389	689,151	51,347,000
11/12/2017	0.014663	0.014694	0.012058	0.012794	1,080,610	58,653,800
11/11/2017	0.014975	0.015925	0.014147	0.014552	787,817	59,899,200
11/10/2017	0.017288	0.017679	0.014260	0.015027	1,183,330	69,150,500
11/09/2017	0.016733	0.018189	0.016282	0.017060	1,111,760	66,930,300
11/08/2017	0.015363	0.017976	0.015131	0.016744	2,067,770	61,451,900
11/07/2017	0.015114	0.016355	0.014350	0.015342	1,545,370	60,454,100
11/06/2017	0.015387	0.015750	0.014440	0.015164	903,262	61,546,800
11/05/2017	0.016342	0.016547	0.014842	0.015391	803,402	65,366,600
11/04/2017	0.016554	0.016957	0.015956	0.016404	656,751	66,215,500
11/03/2017	0.016284	0.017235	0.014984	0.016513	910,273	65,134,700
11/02/2017	0.016058	0.017607	0.014127	0.016103	1,358,600	64,231,600
11/01/2017	0.018488	0.018488	0.015669	0.016097	1,352,300	73,951,600
10/31/2017	0.019679	0.019856	0.017891	0.018378	1,123,700	78,717,400
10/30/2017	0.019003	0.020166	0.018068	0.019501	1,587,670	76,011,200
10/29/2017	0.019336	0.019606	0.018066	0.018949	1,031,270	77,343,800
10/28/2017	0.018769	0.020104	0.018611	0.019517	901,531	75,077,400
10/27/2017	0.017966	0.019833	0.017729	0.018715	969,316	71,863,400
10/26/2017	0.018267	0.019104	0.017674	0.017963	904,664	73,068,600
10/25/2017	0.018577	0.019180	0.017599	0.018194	852,551	74,307,000
10/24/2017	0.017865	0.020965	0.017181	0.018492	1,430,670	71,459,300
10/23/2017	0.019225	0.019438	0.016934	0.017872	1,139,830	76,898,300
10/22/2017	0.019163	0.019647	0.017953	0.019358	1,003,550	76,650,500
10/21/2017	0.020188	0.020274	0.016906	0.019185	1,311,250	80,751,400
10/20/2017	0.021659	0.022571	0.019911	0.019911	1,875,270	86,634,700
10/19/2017	0.023791	0.024095	0.021583	0.021625	2,398,190	95,164,100
10/18/2017	0.027469	0.027469	0.023310	0.023753	3,131,460	109,876,000
10/17/2017	0.029057	0.031277	0.025646	0.027623	4,776,660	116,227,000
10/16/2017	0.024875	0.039936	0.023260	0.029356	7,769,340	99,502,200
10/15/2017	0.023587	0.024406	0.022311	0.024406	469,312	94,346,800
10/14/2017	0.024214	0.025126	0.023148	0.023597	573,475	96,855,500
10/13/2017	0.026236	0.026335	0.023521	0.024378	912,601	104,944,000
10/12/2017	0.025771	0.026618	0.024823	0.026166	1,194,550	103,085,000
10/11/2017	0.024191	0.026599	0.024191	0.025835	847,468	96,762,500
10/10/2017	0.022163	0.024842	0.022040	0.024188	1,146,360	88,651,000
10/09/2017	0.024115	0.027881	0.022038	0.022163	1,592,160	96,459,700
10/08/2017	0.026167	0.026330	0.023649	0.024167	747,137	104,668,000
10/07/2017	0.026434	0.027351	0.024864	0.026367	1,188,310	105,737,000
10/06/2017	0.027351	0.027940	0.026155	0.026359	1,211,170	109,404,000
10/05/2017	0.029288	0.029462	0.026716	0.027157	1,368,400	117,151,000
10/04/2017	0.030676	0.032601	0.028988	0.029250	1,103,380	122,702,000
10/03/2017	0.032916	0.033524	0.030154	0.030417	1,964,480	131,664,000
10/02/2017	0.032835	0.034513	0.032150	0.032957	2,689,860	131,340,000
10/01/2017	0.031597	0.034116	0.029537	0.033353	3,392,900	126,388,000
09/30/2017	0.030595	0.035284	0.030595	0.031759	5,302,840	117,468,000
09/29/2017	0.026999	0.033662	0.024754	0.030835	5,902,170	103,664,000
09/28/2017	0.025567	0.027265	0.024448	0.027017	1,392,610	98,162,000
09/27/2017	0.022677	0.025641	0.022377	0.025323	442,242	87,069,400
09/26/2017	0.020853	0.025125	0.020445	0.022800	861,307	80,064,200
09/25/2017	0.019713	0.021533	0.019683	0.020814	271,784	75,688,800
09/24/2017	0.020406	0.020669	0.019278	0.019725	150,907	78,347,700
09/23/2017	0.019965	0.021089	0.018771	0.020407	324,835	76,655,100
09/22/2017	0.020702	0.021547	0.018036	0.020066	521,136	79,485,100
09/21/2017	0.022303	0.023813	0.020433	0.020723	264,243	85,633,200
09/20/2017	0.023405	0.024247	0.022020	0.022377	244,095	89,861,400
09/19/2017	0.024792	0.025301	0.022378	0.023434	557,247	95,186,000
09/18/2017	0.024589	0.026876	0.024156	0.024934	748,631	94,407,200
09/17/2017	0.021339	0.024696	0.020822	0.024696	1,449,410	81,931,800
09/16/2017	0.020699	0.022201	0.020446	0.021389	476,750	79,471,400
09/15/2017	0.015689	0.021639	0.014391	0.020776	464,473	60,236,600
09/14/2017	0.020869	0.021667	0.015494	0.015553	349,953	80,125,600
09/13/2017	0.023721	0.023884	0.019727	0.020816	301,824	91,075,100
09/12/2017	0.024134	0.025019	0.022714	0.023534	261,991	92,662,400
09/11/2017	0.024133	0.025183	0.023145	0.024137	377,455	92,657,400
09/10/2017	0.024651	0.024860	0.022439	0.024326	251,687	94,648,600
09/09/2017	0.025519	0.025735	0.023677	0.024633	230,006	97,980,000
09/08/2017	0.027975	0.029250	0.023558	0.025315	579,486	107,410,000
09/07/2017	0.027650	0.028586	0.025637	0.027847	920,777	106,161,000
09/06/2017	0.027384	0.029959	0.026593	0.027522	995,106	105,138,000
09/05/2017	0.023580	0.027646	0.021311	0.027243	697,694	90,534,300
09/04/2017	0.029865	0.030031	0.021825	0.023245	1,021,880	114,668,000
09/03/2017	0.032537	0.032982	0.028994	0.030398	497,969	124,924,000
09/02/2017	0.037024	0.037298	0.029530	0.032537	760,683	142,154,000
09/01/2017	0.031682	0.038477	0.029968	0.037319	2,366,000	121,643,000
08/31/2017	0.029691	0.036435	0.028885	0.031678	1,695,340	113,999,000
08/30/2017	0.027784	0.031183	0.026696	0.030595	642,831	106,675,000
08/29/2017	0.027733	0.029568	0.027267	0.027804	915,487	106,481,000
08/28/2017	0.025740	0.028227	0.024768	0.027772	544,276	98,828,800
08/27/2017	0.027240	0.027240	0.025019	0.025857	548,354	104,586,000
08/26/2017	0.025554	0.027726	0.024765	0.027053	618,548	98,113,600
08/25/2017	0.028062	0.028718	0.023983	0.025471	1,537,340	107,744,000
08/24/2017	0.028485	0.030386	0.027923	0.028101	698,951	109,366,000
08/23/2017	0.029336	0.031632	0.027423	0.028321	892,936	112,632,000
08/22/2017	0.028309	0.031505	0.025821	0.029433	678,155	108,690,000
08/21/2017	0.031266	0.040488	0.028289	0.028289	933,758	120,045,000
08/20/2017	0.031280	0.035951	0.030318	0.031369	820,968	120,100,000
08/19/2017	0.030039	0.044616	0.027647	0.030823	688,178	115,334,000
08/18/2017	0.033058	0.035120	0.026740	0.029334	1,399,670	126,925,000
08/17/2017	0.025741	0.038330	0.024778	0.032533	4,157,260	98,831,400
08/16/2017	0.024498	0.027794	0.024089	0.025873	1,100,330	94,057,500
08/15/2017	0.026476	0.026866	0.021883	0.024369	989,450	101,655,000
08/14/2017	0.030088	0.031940	0.025414	0.026922	1,356,670	115,521,000
08/13/2017	0.027055	0.032037	0.023252	0.029960	1,878,590	103,878,000
08/12/2017	0.033608	0.034496	0.027105	0.027105	2,262,110	129,035,000
08/11/2017	0.026812	0.040196	0.024706	0.032959	7,417,180	102,945,000
08/10/2017	0.019758	0.026873	0.018840	0.026585	2,559,630	75,860,500
08/09/2017	0.019536	0.020199	0.017344	0.020046	566,208	75,009,200
08/08/2017	0.017112	0.020009	0.016574	0.019663	953,548	65,700,100
08/07/2017	0.017839	0.018800	0.015950	0.017348	897,438	68,493,700
08/06/2017	0.014690	0.019855	0.014465	0.017683	1,868,120	56,401,400
08/05/2017	0.013091	0.015337	0.012783	0.014735	523,661	50,261,500
08/04/2017	0.013122	0.013701	0.012503	0.013322	572,205	50,380,100
08/03/2017	0.012056	0.013480	0.011906	0.013274	307,817	46,287,200
08/02/2017	0.012478	0.013099	0.011655	0.012208	335,031	47,909,600
08/01/2017	0.011566	0.012802	0.011379	0.012475	600,151	44,407,600
07/31/2017	0.011391	0.011855	0.010676	0.011556	442,097	43,734,600
07/30/2017	0.011564	0.011965	0.011026	0.011258	142,368	44,400,600
07/29/2017	0.011267	0.011775	0.010710	0.011573	211,393	43,260,800
07/28/2017	0.010909	0.012420	0.010867	0.011301	658,726	41,886,100
07/27/2017	0.010639	0.011411	0.010569	0.010980	431,993	40,850,100
07/26/2017	0.011080	0.011706	0.010150	0.010608	513,288	42,540,900
07/25/2017	0.013099	0.013203	0.010800	0.010967	541,693	50,294,600
07/24/2017	0.013579	0.014871	0.012629	0.013098	1,074,080	52,134,900
07/23/2017	0.011666	0.013791	0.011353	0.013705	714,335	44,790,200
07/22/2017	0.011145	0.015927	0.010766	0.011835	604,149	42,791,700
07/21/2017	0.012422	0.013201	0.010518	0.011220	734,587	47,693,300
07/20/2017	0.011456	0.013496	0.010911	0.012569	518,285	43,985,600
07/19/2017	0.013267	0.013787	0.010467	0.011474	594,138	50,937,500
07/18/2017	0.012900	0.014603	0.011985	0.013626	557,570	49,529,500
07/17/2017	0.011009	0.013272	0.010148	0.012885	580,590	42,268,300
07/16/2017	0.010416	0.011602	0.008429	0.011602	424,293	39,991,000
07/15/2017	0.012832	0.013056	0.010054	0.010398	292,390	49,268,800
07/14/2017	0.015147	0.015206	0.012438	0.012882	363,148	58,155,800
07/13/2017	0.017995	0.018976	0.013797	0.015222	826,019	69,089,400
07/12/2017	0.015485	0.018600	0.012636	0.017949	1,315,430	59,455,600
07/11/2017	0.012210	0.017102	0.011937	0.015629	2,749,220	46,880,100
07/10/2017	0.012349	0.013968	0.011033	0.012087	935,060	47,414,600
07/09/2017	0.012932	0.013353	0.010141	0.012139	1,276,830	49,650,100
07/08/2017	0.013453	0.014385	0.011224	0.012703	825,656	51,652,300
07/07/2017	0.019907	0.020920	0.010538	0.012896	1,493,760	76,432,900
07/06/2017	0.022878	0.026018	0.015174	0.019737	3,178,290	87,839,200
07/05/2017	0.019001	0.082337	0.019001	0.023303	4,821,760	72,954,500
07/04/2017	0.024583	0.197060	0.018222	0.020114	323,348	94,384,600
07/03/2017	0.090013	0.090013	0.003316	0.024629	96,913	345,602,000
07/02/2017	0.019183	0.090707	0.013812	0.090707	96,684	-
07/01/2017	0.337854	0.337854	0.015202	0.019166	109,529	-
06/30/2017	0.020367	0.148304	0.011830	0.033141	177,531	-
06/29/2017	0.018567	0.254108	0.011891	0.020344	46,736	-
06/28/2017	0.014053	0.022747	0.011963	0.018610	28,676	-
06/27/2017	0.017410	0.017410	0.007840	0.013975	8,783	-
