Date	Open	High	Low	Close	Volume	Market Cap
07/15/2018	0.286788	0.298815	0.286093	0.295410	3,178,930	240,685,000
07/14/2018	0.278417	0.292544	0.278417	0.286745	4,243,200	233,659,000
07/13/2018	0.282860	0.289307	0.273883	0.278421	3,488,290	237,388,000
07/12/2018	0.299829	0.300055	0.278748	0.282502	2,714,130	251,629,000
07/11/2018	0.299019	0.306504	0.290868	0.299424	4,046,700	250,949,000
07/10/2018	0.333659	0.334408	0.297797	0.298344	3,528,210	280,021,000
07/09/2018	0.350793	0.351846	0.337425	0.337425	3,462,020	294,400,000
07/08/2018	0.361292	0.366222	0.350852	0.350903	3,813,010	303,211,000
07/07/2018	0.362201	0.362201	0.343184	0.361004	4,204,920	303,974,000
07/06/2018	0.347356	0.373796	0.330195	0.362618	9,811,030	291,516,000
07/05/2018	0.358182	0.371525	0.344440	0.347445	5,862,240	300,601,000
07/04/2018	0.344973	0.391989	0.333822	0.357754	5,871,210	289,516,000
07/03/2018	0.376710	0.407495	0.341547	0.344596	10,568,800	316,151,000
07/02/2018	0.335099	0.380293	0.326486	0.376438	13,541,700	281,229,000
07/01/2018	0.363117	0.363117	0.325399	0.336770	8,100,870	304,743,000
06/30/2018	0.309076	0.366530	0.301204	0.362737	21,233,000	259,390,000
06/29/2018	0.278874	0.309978	0.274018	0.309978	8,977,810	234,043,000
06/28/2018	0.296145	0.313664	0.276505	0.279116	6,960,170	248,537,000
06/27/2018	0.293389	0.300351	0.288893	0.296054	4,836,360	246,225,000
06/26/2018	0.336665	0.336665	0.293621	0.293621	8,379,990	282,544,000
06/25/2018	0.283894	0.339784	0.277935	0.337388	8,709,120	238,256,000
06/24/2018	0.308890	0.308890	0.265048	0.284483	5,652,340	259,233,000
06/23/2018	0.313783	0.318717	0.305251	0.308850	3,543,870	263,340,000
06/22/2018	0.361778	0.363993	0.307088	0.313350	5,717,510	303,620,000
06/21/2018	0.369609	0.375824	0.359949	0.361935	4,282,960	310,191,000
06/20/2018	0.384587	0.385093	0.355858	0.368640	7,774,320	322,762,000
06/19/2018	0.386958	0.391058	0.379884	0.384456	6,574,050	324,751,000
06/18/2018	0.379933	0.386356	0.368739	0.386356	4,700,850	318,855,000
06/17/2018	0.382220	0.385251	0.377672	0.380121	3,704,050	320,775,000
06/16/2018	0.382363	0.393518	0.374892	0.381962	5,550,460	320,895,000
06/15/2018	0.393366	0.411678	0.378523	0.382869	9,432,040	330,129,000
06/14/2018	0.373982	0.393678	0.365970	0.392986	10,545,000	313,861,000
06/13/2018	0.409486	0.414294	0.350229	0.369089	10,066,600	343,658,000
06/12/2018	0.453389	0.461877	0.399170	0.402544	10,173,200	380,503,000
06/11/2018	0.440202	0.453605	0.411291	0.453605	11,114,700	369,436,000
06/10/2018	0.522428	0.522428	0.417638	0.434229	13,397,200	438,444,000
06/09/2018	0.548056	0.553993	0.521541	0.521541	7,635,800	459,952,000
06/08/2018	0.569384	0.569384	0.537508	0.547897	10,786,000	477,851,000
06/07/2018	0.579311	0.592389	0.567057	0.568808	11,887,100	486,182,000
06/06/2018	0.587052	0.597687	0.568331	0.579370	13,811,400	492,678,000
06/05/2018	0.585776	0.590938	0.561778	0.586887	15,753,900	491,607,000
06/04/2018	0.623927	0.649624	0.576611	0.585820	29,901,000	523,625,000
06/03/2018	0.618547	0.629541	0.612100	0.624821	22,376,900	519,110,000
06/02/2018	0.617899	0.632309	0.607715	0.618990	26,198,600	518,567,000
06/01/2018	0.609355	0.637755	0.599345	0.618659	34,103,700	511,396,000
05/31/2018	0.648529	0.669637	0.599417	0.608989	68,145,600	544,273,000
05/30/2018	0.529135	0.650313	0.529135	0.641308	64,120,000	444,073,000
05/29/2018	0.465621	0.549594	0.462813	0.528271	25,683,000	390,769,000
05/28/2018	0.479164	0.502102	0.454269	0.464292	21,421,600	402,135,000
05/27/2018	0.464329	0.483928	0.454237	0.477856	10,850,900	387,651,000
05/26/2018	0.471580	0.478818	0.463127	0.464427	9,468,260	393,704,000
05/25/2018	0.479146	0.511620	0.466632	0.472034	21,529,900	400,021,000
05/24/2018	0.473256	0.511279	0.447210	0.478798	13,657,300	395,104,000
05/23/2018	0.505633	0.520478	0.455927	0.473520	17,774,800	422,134,000
05/22/2018	0.531115	0.543549	0.492687	0.510563	13,374,300	443,408,000
05/21/2018	0.532782	0.540224	0.515501	0.531322	7,983,570	444,799,000
05/20/2018	0.517648	0.541840	0.513203	0.532384	8,750,250	432,165,000
05/19/2018	0.522127	0.525349	0.509007	0.517208	7,340,840	435,904,000
05/18/2018	0.518000	0.520917	0.498920	0.520917	11,923,400	432,458,000
05/17/2018	0.555707	0.590529	0.513521	0.517768	15,955,100	463,939,000
05/16/2018	0.568568	0.591516	0.525590	0.555121	16,365,700	474,676,000
05/15/2018	0.622495	0.622686	0.565437	0.570059	12,900,700	519,324,000
05/14/2018	0.630726	0.640955	0.585353	0.624987	27,557,000	526,190,000
05/13/2018	0.573967	0.628283	0.558187	0.618336	27,229,400	478,839,000
05/12/2018	0.575790	0.601992	0.525369	0.574128	27,725,500	480,360,000
05/11/2018	0.646870	0.675238	0.549559	0.577102	45,789,400	539,659,000
05/10/2018	0.710792	0.712645	0.638076	0.642644	25,487,300	592,986,000
05/09/2018	0.739774	0.739774	0.672894	0.710575	30,652,400	617,165,000
05/08/2018	0.775386	0.775586	0.728316	0.743799	27,712,500	646,875,000
05/07/2018	0.748631	0.816808	0.748201	0.775338	82,055,800	624,555,000
05/06/2018	0.789530	0.790104	0.736051	0.748374	30,187,900	658,675,000
05/05/2018	0.798926	0.803934	0.780985	0.789487	35,525,800	666,513,000
05/04/2018	0.839145	0.862035	0.761500	0.801007	106,960,000	700,066,000
05/03/2018	0.733259	0.911248	0.701893	0.815141	521,277,000	611,730,000
05/02/2018	0.575133	0.780607	0.559938	0.697526	115,785,000	479,812,000
05/01/2018	0.556414	0.593539	0.551815	0.577077	33,778,300	464,195,000
04/30/2018	0.592992	0.593844	0.553274	0.556403	15,580,300	494,710,000
04/29/2018	0.603775	0.611882	0.569850	0.594552	24,486,000	503,707,000
04/28/2018	0.583951	0.612709	0.583951	0.605093	25,867,400	487,168,000
04/27/2018	0.546754	0.714944	0.538283	0.588227	154,071,000	456,136,000
04/26/2018	0.542237	0.584550	0.500346	0.552330	48,797,600	452,367,000
04/25/2018	0.620582	0.620582	0.504734	0.523048	42,323,700	517,728,000
04/24/2018	0.597546	0.636428	0.588694	0.626763	68,198,400	498,510,000
04/23/2018	0.566490	0.666262	0.564051	0.602848	101,940,000	472,601,000
04/22/2018	0.519033	0.599508	0.499650	0.574534	62,680,600	433,009,000
04/21/2018	0.465092	0.540139	0.446046	0.533376	83,985,000	388,009,000
04/20/2018	0.451153	0.466461	0.429197	0.463959	26,255,600	376,380,000
04/19/2018	0.444484	0.456704	0.427522	0.451066	30,695,700	370,816,000
04/18/2018	0.420961	0.446795	0.420092	0.446613	27,661,500	351,192,000
04/17/2018	0.408813	0.424397	0.400096	0.421045	23,943,600	341,057,000
04/16/2018	0.427302	0.427302	0.396743	0.408273	23,719,200	356,482,000
04/15/2018	0.423400	0.440465	0.401612	0.428294	60,301,300	353,227,000
04/14/2018	0.487712	0.487712	0.414947	0.425973	62,300,500	406,880,000
04/13/2018	0.298908	0.822031	0.286573	0.486924	356,189,000	249,367,000
04/12/2018	0.280378	0.305693	0.257012	0.299937	14,213,300	233,908,000
04/11/2018	0.283872	0.293462	0.264361	0.280802	16,304,300	236,823,000
04/10/2018	0.294199	0.298733	0.223254	0.287536	51,350,600	245,439,000
04/09/2018	0.203097	0.271025	0.196135	0.249145	15,521,400	169,436,000
04/08/2018	0.194653	0.204678	0.193432	0.203606	5,622,260	162,392,000
04/07/2018	0.186584	0.210911	0.185818	0.194332	5,403,980	155,660,000
04/06/2018	0.195025	0.196211	0.182627	0.186843	5,137,500	162,702,000
04/05/2018	0.197502	0.198049	0.190067	0.195989	5,545,630	164,768,000
04/04/2018	0.219717	0.219717	0.196192	0.197561	5,480,790	183,301,000
04/03/2018	0.208207	0.222042	0.205530	0.219642	6,679,420	173,699,000
04/02/2018	0.193728	0.208239	0.192994	0.207950	5,375,110	161,620,000
04/01/2018	0.201298	0.205354	0.182331	0.192915	5,596,180	167,935,000
03/31/2018	0.192890	0.209758	0.190796	0.200908	5,576,330	160,921,000
03/30/2018	0.213755	0.215329	0.188821	0.192858	6,130,390	178,327,000
03/29/2018	0.258210	0.263847	0.210597	0.214868	6,950,760	215,414,000
03/28/2018	0.235419	0.258896	0.234533	0.257964	7,489,990	196,401,000
03/27/2018	0.251028	0.254914	0.227004	0.235863	5,495,980	209,423,000
03/26/2018	0.252940	0.254019	0.223723	0.250764	6,841,170	211,018,000
03/25/2018	0.240091	0.260978	0.237006	0.253141	6,928,530	200,299,000
03/24/2018	0.251439	0.256728	0.236117	0.243638	6,753,610	209,766,000
03/23/2018	0.246034	0.248754	0.233033	0.248754	5,938,710	205,257,000
03/22/2018	0.250747	0.259073	0.241256	0.246025	6,172,200	209,189,000
03/21/2018	0.252803	0.265013	0.248350	0.250973	6,593,470	210,904,000
03/20/2018	0.250263	0.253248	0.221438	0.252567	7,422,830	208,785,000
03/19/2018	0.217797	0.248792	0.201364	0.248792	6,481,620	181,699,000
03/18/2018	0.216505	0.220817	0.184317	0.219039	7,126,100	180,622,000
03/17/2018	0.248618	0.248820	0.216898	0.216898	5,922,940	207,413,000
03/16/2018	0.248723	0.255926	0.239922	0.249471	6,416,220	207,500,000
03/15/2018	0.249773	0.252311	0.223613	0.248721	7,036,230	208,376,000
03/14/2018	0.305404	0.308540	0.242543	0.250010	9,182,600	254,787,000
03/13/2018	0.302318	0.317528	0.292971	0.305433	5,847,570	252,213,000
03/12/2018	0.311800	0.331773	0.287707	0.303848	23,063,500	260,123,000
03/11/2018	0.296867	0.320607	0.286486	0.312660	3,783,820	247,665,000
03/10/2018	0.307450	0.325901	0.297388	0.298015	4,176,840	256,494,000
03/09/2018	0.311596	0.317208	0.268046	0.307977	7,019,260	259,952,000
03/08/2018	0.367507	0.371501	0.306568	0.313938	8,414,930	306,597,000
03/07/2018	0.421391	0.424979	0.350236	0.370844	6,024,950	351,551,000
03/06/2018	0.495754	0.495754	0.416585	0.421107	8,785,450	413,589,000
03/05/2018	0.439011	0.495009	0.437490	0.495009	9,446,610	366,250,000
03/04/2018	0.429661	0.443801	0.413919	0.438214	6,927,090	358,450,000
03/03/2018	0.432820	0.449247	0.418126	0.430565	7,339,290	361,085,000
03/02/2018	0.451623	0.461322	0.408909	0.432654	11,687,900	376,772,000
03/01/2018	0.364512	0.459742	0.360823	0.454708	15,133,400	304,098,000
02/28/2018	0.366978	0.367626	0.347805	0.363805	4,728,520	306,156,000
02/27/2018	0.368481	0.392869	0.352681	0.367741	5,709,530	307,410,000
02/26/2018	0.321319	0.399158	0.321319	0.368293	12,723,600	268,064,000
02/25/2018	0.313645	0.328479	0.308257	0.321022	3,952,320	261,662,000
02/24/2018	0.333028	0.337346	0.305843	0.313255	4,274,930	277,833,000
02/23/2018	0.327499	0.347093	0.311265	0.332760	6,876,640	273,220,000
02/22/2018	0.335228	0.361383	0.328242	0.328242	7,608,570	279,668,000
02/21/2018	0.368867	0.380819	0.331982	0.335111	7,932,610	307,732,000
02/20/2018	0.434164	0.442600	0.367897	0.369198	7,493,480	362,207,000
02/19/2018	0.444926	0.450114	0.427910	0.434274	7,363,840	371,185,000
02/18/2018	0.474230	0.474371	0.420465	0.445735	8,624,300	395,632,000
02/17/2018	0.464389	0.496926	0.454478	0.473776	14,806,400	387,422,000
02/16/2018	0.433199	0.463819	0.428636	0.463396	8,172,480	361,401,000
02/15/2018	0.421524	0.467770	0.419398	0.433741	13,711,800	351,661,000
02/14/2018	0.353491	0.423821	0.353491	0.420837	9,353,390	294,904,000
02/13/2018	0.375352	0.376471	0.350259	0.353811	4,213,550	313,142,000
02/12/2018	0.328726	0.378290	0.328726	0.374875	5,061,580	274,244,000
02/11/2018	0.337617	0.347617	0.307662	0.328429	3,995,460	281,661,000
02/10/2018	0.355902	0.373805	0.324246	0.337964	5,532,660	296,915,000
02/09/2018	0.325948	0.363287	0.306114	0.356723	6,012,610	271,926,000
02/08/2018	0.328513	0.366703	0.315867	0.324490	5,649,050	274,066,000
02/07/2018	0.306571	0.376323	0.287283	0.327961	4,264,010	255,760,000
02/06/2018	0.272481	0.309549	0.222389	0.308052	4,084,880	227,321,000
02/05/2018	0.340960	0.349358	0.260851	0.271478	4,058,970	284,450,000
02/04/2018	0.425448	0.427470	0.328473	0.344296	3,866,430	354,935,000
02/03/2018	0.370122	0.435164	0.337813	0.426292	4,524,440	308,779,000
02/02/2018	0.430011	0.432256	0.295770	0.369203	6,521,330	358,742,000
02/01/2018	0.467863	0.473372	0.383801	0.430306	13,428,500	390,320,000
01/31/2018	0.457167	0.468699	0.419141	0.466609	12,899,300	381,397,000
01/30/2018	0.551993	0.551993	0.454000	0.455692	8,953,960	460,507,000
01/29/2018	0.590005	0.596672	0.529697	0.551352	10,889,700	492,219,000
01/28/2018	0.577066	0.606852	0.575572	0.591069	9,126,210	481,424,000
01/27/2018	0.550896	0.584811	0.538421	0.573883	8,286,070	459,592,000
01/26/2018	0.571573	0.600060	0.513041	0.551466	12,483,400	476,842,000
01/25/2018	0.625283	0.644259	0.553796	0.573793	18,984,700	521,650,000
01/24/2018	0.588475	0.644362	0.563987	0.617087	15,167,700	490,943,000
01/23/2018	0.571276	0.619380	0.536330	0.585899	8,265,020	476,594,000
01/22/2018	0.628266	0.665941	0.540933	0.572049	11,181,700	524,138,000
01/21/2018	0.751888	0.751888	0.608755	0.622448	9,510,080	627,271,000
01/20/2018	0.707289	0.756293	0.701847	0.752239	12,730,100	590,065,000
01/19/2018	0.649183	0.713605	0.623077	0.700770	20,327,600	541,588,000
01/18/2018	0.645932	0.750796	0.618448	0.653036	17,859,000	538,876,000
01/17/2018	0.676557	0.699538	0.479052	0.645019	15,931,800	564,426,000
01/16/2018	0.975375	0.975375	0.527034	0.681455	23,461,000	813,718,000
01/15/2018	0.909774	1.02	0.904735	0.975621	30,196,300	758,990,000
01/14/2018	0.968563	0.994792	0.847322	0.913869	15,993,300	808,035,000
01/13/2018	0.912605	0.993033	0.907993	0.966393	19,215,700	761,351,000
01/12/2018	0.820265	0.922204	0.801420	0.915543	17,562,500	684,316,000
01/11/2018	0.940707	0.964239	0.762197	0.813864	21,668,800	784,796,000
01/10/2018	1.07	1.07	0.893403	0.942575	31,434,900	895,989,000
01/09/2018	1.09	1.20	1.02	1.07	34,547,000	908,822,000
01/08/2018	1.08	1.25	0.958266	1.09	61,890,600	897,606,000
01/07/2018	1.03	1.11	1.02	1.08	42,570,100	857,554,000
01/06/2018	0.964981	1.06	0.888337	1.03	33,246,800	805,047,000
01/05/2018	1.09	1.12	0.899477	0.949392	49,195,300	909,014,000
01/04/2018	1.08	1.20	1.03	1.09	45,151,000	901,506,000
01/03/2018	1.09	1.17	1.04	1.08	47,553,900	905,330,000
01/02/2018	0.933846	1.19	0.909455	1.09	80,527,100	779,073,000
01/01/2018	0.849948	0.963453	0.794247	0.932031	36,414,200	709,079,000
12/31/2017	0.709555	0.881081	0.687633	0.842138	34,322,100	591,955,000
12/30/2017	0.829167	0.829167	0.659635	0.714305	21,764,500	691,742,000
12/29/2017	0.812615	0.901006	0.799062	0.835875	27,620,900	677,934,000
12/28/2017	0.884548	0.884548	0.676241	0.814818	35,330,700	737,945,000
12/27/2017	0.779612	0.944768	0.723520	0.884706	70,891,800	650,401,000
12/26/2017	0.714548	0.781823	0.632317	0.775723	21,816,600	596,121,000
12/25/2017	0.646848	0.718443	0.621273	0.709931	17,250,500	539,641,000
12/24/2017	0.616012	0.644993	0.522140	0.641948	15,684,700	513,915,000
12/23/2017	0.527620	0.717695	0.514374	0.608209	17,295,700	440,173,000
12/22/2017	0.657444	0.661285	0.365332	0.522119	16,912,000	547,948,000
12/21/2017	0.585385	0.755983	0.583509	0.654149	33,238,000	487,644,000
12/20/2017	0.576656	0.640765	0.488982	0.591004	22,672,400	480,373,000
12/19/2017	0.551101	0.608798	0.504380	0.576103	21,294,200	459,085,000
12/18/2017	0.481576	0.576993	0.455380	0.554506	21,801,200	401,168,000
12/17/2017	0.413612	0.502113	0.408115	0.478623	11,436,900	344,552,000
12/16/2017	0.393233	0.434308	0.393233	0.413025	7,680,930	327,576,000
12/15/2017	0.429891	0.438693	0.360628	0.393059	8,895,120	358,113,000
12/14/2017	0.361651	0.441294	0.358215	0.428940	12,389,500	301,267,000
12/13/2017	0.353843	0.377201	0.338720	0.361836	6,007,000	294,763,000
12/12/2017	0.328411	0.366022	0.317102	0.352937	6,843,980	273,577,000
12/11/2017	0.289786	0.330433	0.289334	0.325983	3,776,910	241,401,000
12/10/2017	0.313194	0.314562	0.268160	0.290772	3,101,990	260,901,000
12/09/2017	0.325228	0.375482	0.291334	0.311389	7,057,900	270,925,000
12/08/2017	0.293752	0.324863	0.267113	0.323927	5,497,280	244,705,000
12/07/2017	0.340140	0.346808	0.267749	0.292759	10,959,400	283,348,000
12/06/2017	0.357569	0.357717	0.327670	0.339883	8,680,870	297,866,000
12/05/2017	0.362869	0.370305	0.349095	0.357176	5,777,420	302,281,000
12/04/2017	0.316541	0.362841	0.315638	0.360312	10,713,600	263,689,000
12/03/2017	0.313119	0.335737	0.306907	0.315767	4,919,450	260,838,000
12/02/2017	0.317369	0.332388	0.304399	0.313762	5,901,710	264,378,000
12/01/2017	0.288846	0.333698	0.279997	0.317759	14,058,000	240,618,000
11/30/2017	0.266539	0.340746	0.252582	0.290002	7,661,240	222,036,000
11/29/2017	0.349209	0.353759	0.259126	0.263486	8,529,380	290,902,000
11/28/2017	0.329568	0.387522	0.318050	0.345754	17,878,200	274,541,000
11/27/2017	0.276162	0.338689	0.275505	0.330351	11,517,100	230,052,000
11/26/2017	0.254204	0.277666	0.251490	0.274905	3,967,800	211,760,000
11/25/2017	0.246804	0.257070	0.242210	0.253609	2,814,740	205,596,000
11/24/2017	0.230989	0.247059	0.221117	0.246793	2,998,280	192,422,000
11/23/2017	0.231561	0.244659	0.229755	0.230846	3,279,900	192,898,000
11/22/2017	0.218462	0.232933	0.217587	0.231549	2,386,500	181,986,000
11/21/2017	0.218483	0.226485	0.205943	0.217997	2,559,920	182,003,000
11/20/2017	0.219345	0.221803	0.211170	0.219278	2,334,300	182,722,000
11/19/2017	0.210076	0.220773	0.209889	0.219314	2,398,070	175,000,000
11/18/2017	0.207311	0.212681	0.200345	0.210481	2,156,250	172,696,000
11/17/2017	0.208974	0.216508	0.203332	0.207861	2,337,360	174,082,000
11/16/2017	0.214596	0.214825	0.205742	0.209876	2,468,530	178,765,000
11/15/2017	0.211642	0.216744	0.208748	0.213970	2,139,390	176,304,000
11/14/2017	0.204942	0.211509	0.202535	0.211439	2,014,890	170,723,000
11/13/2017	0.191339	0.209591	0.189694	0.204708	2,011,560	159,392,000
11/12/2017	0.198165	0.198935	0.174157	0.189421	3,992,570	165,078,000
11/11/2017	0.196770	0.207598	0.192556	0.198331	2,264,700	163,916,000
11/10/2017	0.216742	0.239864	0.192510	0.197376	3,912,040	180,553,000
11/09/2017	0.207645	0.221287	0.204929	0.215360	3,035,950	172,975,000
11/08/2017	0.194050	0.210932	0.191087	0.206634	3,068,510	161,650,000
11/07/2017	0.187425	0.197441	0.187425	0.194727	1,500,160	156,131,000
11/06/2017	0.189603	0.194815	0.185348	0.188733	2,552,870	157,945,000
11/05/2017	0.196553	0.198118	0.186690	0.189395	2,193,260	163,735,000
11/04/2017	0.202644	0.204959	0.194947	0.196548	2,035,120	168,809,000
11/03/2017	0.218023	0.218023	0.182459	0.202098	4,770,450	181,620,000
11/02/2017	0.222919	0.234609	0.183212	0.221005	8,172,370	185,699,000
11/01/2017	0.202349	0.275079	0.202349	0.225190	20,629,400	168,563,000
10/31/2017	0.191259	0.198555	0.182528	0.198555	1,690,360	159,325,000
10/30/2017	0.189057	0.194782	0.187463	0.191735	1,389,530	157,490,000
10/29/2017	0.197439	0.204511	0.187703	0.189639	2,119,590	164,473,000
10/28/2017	0.205603	0.208354	0.194683	0.197054	1,280,440	171,274,000
10/27/2017	0.194277	0.214034	0.193907	0.204720	2,219,360	161,839,000
10/26/2017	0.201982	0.204440	0.193514	0.194259	1,590,770	168,258,000
10/25/2017	0.199278	0.204515	0.192614	0.202158	1,442,030	166,005,000
10/24/2017	0.192846	0.221539	0.187326	0.199057	2,579,510	160,647,000
10/23/2017	0.200143	0.200422	0.186228	0.192860	1,812,790	166,726,000
10/22/2017	0.203506	0.209022	0.195033	0.201134	1,792,630	169,527,000
10/21/2017	0.221359	0.221582	0.196246	0.204678	3,380,160	184,399,000
10/20/2017	0.251618	0.304021	0.215453	0.221913	15,559,900	209,606,000
10/19/2017	0.217468	0.254141	0.213977	0.254141	2,604,210	181,158,000
10/18/2017	0.219990	0.219990	0.201111	0.217408	1,540,610	183,258,000
10/17/2017	0.211743	0.223175	0.202118	0.219275	1,992,510	176,389,000
10/16/2017	0.204455	0.221103	0.196659	0.211233	2,276,960	170,318,000
10/15/2017	0.209644	0.209997	0.194205	0.203874	1,243,480	174,640,000
10/14/2017	0.210660	0.218000	0.208092	0.208379	1,353,740	175,487,000
10/13/2017	0.212987	0.220484	0.202500	0.211183	2,589,360	177,425,000
10/12/2017	0.232660	0.234547	0.202494	0.213099	2,642,060	193,814,000
10/11/2017	0.221766	0.241439	0.214329	0.233593	1,981,720	184,738,000
10/10/2017	0.193356	0.231880	0.184750	0.221501	1,978,800	161,072,000
10/09/2017	0.196836	0.202459	0.179738	0.193398	2,515,750	163,971,000
10/08/2017	0.220685	0.225513	0.196261	0.196629	2,302,740	183,838,000
10/07/2017	0.231745	0.232765	0.219678	0.221711	1,759,000	193,051,000
10/06/2017	0.230498	0.238108	0.230498	0.233535	1,250,060	192,013,000
10/05/2017	0.246317	0.246582	0.229409	0.230674	1,681,850	205,190,000
10/04/2017	0.246217	0.251658	0.243525	0.245785	1,330,850	205,107,000
10/03/2017	0.255242	0.255242	0.236524	0.245505	1,599,950	212,625,000
10/02/2017	0.258486	0.259958	0.250622	0.255418	1,763,110	215,327,000
10/01/2017	0.264793	0.265005	0.257622	0.258588	1,468,440	220,581,000
09/30/2017	0.263116	0.267728	0.258877	0.264662	1,514,820	219,184,000
09/29/2017	0.272699	0.275617	0.252666	0.261972	1,354,900	227,167,000
09/28/2017	0.276448	0.284220	0.270542	0.272749	1,582,750	230,290,000
09/27/2017	0.258647	0.280162	0.258371	0.276690	1,806,550	215,461,000
09/26/2017	0.258500	0.261412	0.254590	0.258489	1,418,040	215,339,000
09/25/2017	0.247436	0.261279	0.246128	0.259158	1,421,770	206,122,000
09/24/2017	0.257691	0.260278	0.242428	0.247837	1,551,470	214,665,000
09/23/2017	0.240810	0.258421	0.239304	0.257249	1,062,250	200,602,000
09/22/2017	0.243168	0.263372	0.232117	0.241301	2,884,610	202,566,000
09/21/2017	0.270777	0.270777	0.237039	0.243756	1,658,440	225,566,000
09/20/2017	0.260714	0.289174	0.256023	0.271956	2,378,310	217,183,000
09/19/2017	0.283329	0.288372	0.259843	0.261374	1,993,450	236,022,000
09/18/2017	0.246492	0.283150	0.246492	0.282695	1,908,060	205,335,000
09/17/2017	0.243684	0.252048	0.229208	0.247016	1,393,620	202,996,000
09/16/2017	0.246984	0.263204	0.234193	0.243028	1,632,560	205,746,000
09/15/2017	0.207970	0.254780	0.181619	0.247871	2,689,500	173,245,000
09/14/2017	0.271694	0.273084	0.206726	0.206726	2,234,580	226,330,000
09/13/2017	0.289245	0.290377	0.249131	0.272215	2,446,150	240,950,000
09/12/2017	0.298995	0.312193	0.285662	0.290404	3,122,520	249,073,000
09/11/2017	0.322458	0.325703	0.287635	0.299268	3,074,660	268,618,000
09/10/2017	0.343283	0.343283	0.292172	0.323035	3,574,020	285,966,000
09/09/2017	0.360743	0.365888	0.336723	0.344498	2,715,080	300,511,000
09/08/2017	0.403603	0.431927	0.338208	0.360461	14,053,000	336,214,000
09/07/2017	0.462588	0.519846	0.395287	0.402176	53,776,200	385,351,000
09/06/2017	0.345883	0.451712	0.345220	0.451712	13,168,500	288,131,000
09/05/2017	0.302694	0.362979	0.271777	0.345685	7,272,050	252,154,000
09/04/2017	0.356322	0.376219	0.254805	0.301788	10,355,600	296,828,000
09/03/2017	0.332085	0.365888	0.310034	0.361347	4,172,790	276,637,000
09/02/2017	0.378326	0.413699	0.316973	0.330569	7,419,630	315,158,000
09/01/2017	0.333750	0.378419	0.330830	0.378419	4,308,970	278,025,000
08/31/2017	0.327759	0.335851	0.322705	0.334681	2,858,630	273,034,000
08/30/2017	0.319898	0.333952	0.301382	0.327847	3,936,710	266,485,000
08/29/2017	0.307717	0.322129	0.306053	0.321900	4,813,630	256,338,000
08/28/2017	0.312793	0.315754	0.296153	0.308761	3,313,440	260,567,000
08/27/2017	0.297931	0.314268	0.293746	0.314268	3,181,170	248,186,000
08/26/2017	0.292464	0.307172	0.286713	0.297115	3,359,100	243,632,000
08/25/2017	0.316475	0.323279	0.287664	0.292532	6,307,250	263,634,000
08/24/2017	0.278295	0.350181	0.276016	0.316930	15,293,900	231,828,000
08/23/2017	0.284138	0.285561	0.265811	0.279630	3,208,530	236,696,000
08/22/2017	0.279797	0.287939	0.262473	0.284361	4,048,150	233,080,000
08/21/2017	0.271304	0.291546	0.259288	0.278795	5,357,880	226,005,000
08/20/2017	0.250226	0.282474	0.247042	0.273535	3,467,560	208,447,000
08/19/2017	0.234376	0.266369	0.222673	0.251112	3,974,390	195,243,000
08/18/2017	0.249973	0.250198	0.220696	0.234334	3,424,360	208,235,000
08/17/2017	0.268105	0.270560	0.243419	0.251114	3,703,780	223,340,000
08/16/2017	0.265910	0.277162	0.258838	0.268373	3,880,890	221,511,000
08/15/2017	0.266092	0.284276	0.245460	0.265062	5,158,990	221,663,000
08/14/2017	0.278868	0.288621	0.243632	0.264399	5,244,320	232,306,000
08/13/2017	0.309520	0.316885	0.275441	0.279060	5,980,610	257,840,000
08/12/2017	0.326274	0.341159	0.298324	0.312042	9,258,390	271,797,000
08/11/2017	0.280792	0.322706	0.267181	0.322706	7,350,960	233,909,000
08/10/2017	0.303262	0.308735	0.273952	0.280727	5,612,110	252,627,000
08/09/2017	0.303411	0.325688	0.290615	0.304036	4,926,720	252,751,000
08/08/2017	0.307754	0.323799	0.298561	0.302366	6,031,560	256,369,000
08/07/2017	0.319596	0.324694	0.302746	0.305599	5,214,620	266,233,000
08/06/2017	0.307219	0.349396	0.307219	0.321917	4,776,850	255,924,000
08/05/2017	0.290532	0.322416	0.289389	0.307149	4,084,260	242,023,000
08/04/2017	0.288000	0.301616	0.282239	0.290454	4,205,620	239,914,000
08/03/2017	0.250154	0.300137	0.247417	0.287733	5,385,420	208,386,000
08/02/2017	0.257987	0.266087	0.245690	0.249783	2,005,300	214,912,000
08/01/2017	0.232346	0.268081	0.229590	0.259067	3,152,050	193,552,000
07/31/2017	0.230708	0.236880	0.224958	0.231489	1,911,730	192,187,000
07/30/2017	0.244496	0.249768	0.225549	0.229773	1,609,880	203,673,000
07/29/2017	0.225373	0.244489	0.212412	0.244094	1,847,390	187,743,000
07/28/2017	0.248441	0.249325	0.224916	0.225915	2,822,200	206,959,000
07/27/2017	0.247658	0.253769	0.243056	0.249879	1,470,560	206,307,000
07/26/2017	0.251068	0.256067	0.230597	0.247218	1,983,950	209,147,000
07/25/2017	0.296311	0.297728	0.238011	0.250758	4,068,640	246,836,000
07/24/2017	0.302296	0.303148	0.289637	0.295707	2,908,100	251,822,000
07/23/2017	0.326982	0.333443	0.281127	0.301858	5,080,280	272,386,000
07/22/2017	0.277394	0.331533	0.276792	0.326748	6,527,350	231,078,000
07/21/2017	0.280011	0.303558	0.268035	0.276796	3,511,610	233,258,000
07/20/2017	0.239779	0.293721	0.239779	0.276072	4,104,580	199,743,000
07/19/2017	0.267675	0.296711	0.232831	0.239277	4,770,840	222,982,000
07/18/2017	0.252334	0.289375	0.230339	0.266971	4,690,820	210,202,000
07/17/2017	0.194989	0.253035	0.194989	0.251553	3,500,400	162,432,000
07/16/2017	0.212678	0.221839	0.171650	0.195743	6,952,840	177,167,000
07/15/2017	0.258779	0.263501	0.213008	0.213008	3,342,610	215,571,000
07/14/2017	0.288092	0.289643	0.252407	0.259216	1,978,680	239,990,000
07/13/2017	0.320016	0.325408	0.271672	0.288043	3,991,680	266,583,000
07/12/2017	0.278080	0.320639	0.238562	0.317395	5,306,350	231,649,000
07/11/2017	0.250953	0.302627	0.212758	0.282797	8,542,360	209,052,000
07/10/2017	0.341589	0.344027	0.227546	0.251804	6,984,180	284,555,000
07/09/2017	0.384364	0.388550	0.341728	0.341728	3,328,300	320,187,000
07/08/2017	0.342147	0.396210	0.322753	0.382831	7,810,050	285,019,000
07/07/2017	0.433041	0.449910	0.332757	0.342022	7,703,820	360,737,000
07/06/2017	0.460845	0.462729	0.425688	0.433511	5,288,530	383,899,000
07/05/2017	0.482970	0.482970	0.453661	0.460926	3,708,790	402,329,000
07/04/2017	0.464137	0.493210	0.462914	0.480977	5,001,860	386,641,000
07/03/2017	0.471110	0.485475	0.443458	0.465082	5,233,610	392,450,000
07/02/2017	0.449322	0.481161	0.415392	0.468033	4,632,250	374,299,000
07/01/2017	0.479292	0.494733	0.430766	0.442944	3,266,130	399,266,000
06/30/2017	0.513139	0.530854	0.465335	0.476923	5,585,550	427,462,000
06/29/2017	0.572114	0.596533	0.503722	0.513802	9,629,050	476,589,000
06/28/2017	0.549876	0.575202	0.501148	0.571109	9,232,740	458,064,000
06/27/2017	0.505481	0.549714	0.413047	0.549714	8,712,950	421,082,000
06/26/2017	0.563087	0.573774	0.411492	0.473199	8,133,930	466,941,000
06/25/2017	0.628188	0.628188	0.524541	0.564485	7,739,500	520,927,000
06/24/2017	0.656211	0.681588	0.618656	0.625240	8,565,970	544,164,000
06/23/2017	0.592255	0.657140	0.584814	0.655915	9,106,430	491,129,000
06/22/2017	0.605525	0.621699	0.575411	0.591251	7,841,440	502,133,000
06/21/2017	0.648616	0.656288	0.577934	0.604908	9,992,720	537,866,000
06/20/2017	0.723414	0.723414	0.632903	0.648595	16,152,900	599,892,000
06/19/2017	0.582188	0.739118	0.582188	0.725816	38,089,200	482,781,000
06/18/2017	0.621649	0.637639	0.558312	0.579051	11,788,800	515,504,000
06/17/2017	0.545215	0.623625	0.541663	0.616756	10,760,500	452,121,000
06/16/2017	0.512322	0.574783	0.482906	0.544276	8,574,290	424,844,000
06/15/2017	0.508788	0.512017	0.430102	0.512017	8,001,350	421,913,000
06/14/2017	0.577531	0.597618	0.477056	0.508575	10,921,000	478,919,000
06/13/2017	0.502221	0.629647	0.498608	0.577867	20,196,600	416,468,000
06/12/2017	0.574107	0.577581	0.464647	0.505115	10,409,600	476,079,000
06/11/2017	0.591156	0.595756	0.563248	0.575122	11,202,500	490,217,000
06/10/2017	0.537000	0.615203	0.537000	0.583557	22,298,400	445,308,000
06/09/2017	0.536435	0.545844	0.525224	0.534433	8,258,340	444,840,000
06/08/2017	0.526510	0.551937	0.509753	0.533354	8,760,040	436,609,000
06/07/2017	0.526458	0.568851	0.506249	0.523858	12,558,300	436,566,000
06/06/2017	0.520003	0.526878	0.484368	0.525862	9,191,710	431,214,000
06/05/2017	0.479918	0.544546	0.475158	0.521121	12,889,500	395,871,000
06/04/2017	0.459001	0.492121	0.455637	0.479907	8,017,040	378,617,000
06/03/2017	0.482994	0.515330	0.451655	0.462097	15,913,900	398,408,000
06/02/2017	0.463420	0.484566	0.451279	0.484566	9,466,900	382,262,000
06/01/2017	0.441885	0.508038	0.433484	0.460203	12,048,300	364,499,000
05/31/2017	0.418978	0.454745	0.385278	0.437993	11,263,500	345,603,000
05/30/2017	0.466088	0.486438	0.418146	0.424143	17,838,100	384,463,000
05/29/2017	0.482012	0.503415	0.446364	0.468168	19,426,400	397,598,000
05/28/2017	0.343699	0.552837	0.343699	0.480738	47,587,900	283,508,000
05/27/2017	0.366554	0.389464	0.243917	0.341865	9,270,360	302,360,000
05/26/2017	0.393475	0.464871	0.337189	0.365831	8,600,610	324,566,000
05/25/2017	0.459376	0.497753	0.388790	0.398442	12,001,100	378,926,000
05/24/2017	0.406812	0.526906	0.406812	0.466400	28,967,200	335,568,000
05/23/2017	0.317561	0.419497	0.316832	0.419497	20,576,100	261,947,000
05/22/2017	0.317117	0.352252	0.292252	0.317936	10,772,400	261,581,000
05/21/2017	0.254020	0.377803	0.247956	0.316604	23,350,600	209,534,000
05/20/2017	0.259475	0.266164	0.245453	0.255912	5,443,250	214,034,000
05/19/2017	0.243398	0.270499	0.242699	0.259853	7,694,140	200,772,000
05/18/2017	0.196549	0.262925	0.196549	0.242691	11,085,500	162,128,000
05/17/2017	0.197330	0.204886	0.179326	0.196725	5,500,230	161,943,000
05/16/2017	0.209466	0.209712	0.196198	0.197136	4,145,170	171,903,000
05/15/2017	0.209991	0.226906	0.201138	0.208512	3,779,580	172,246,000
05/14/2017	0.217532	0.218335	0.199874	0.210699	2,818,500	178,431,000
05/13/2017	0.225144	0.225144	0.206021	0.216739	3,398,790	184,675,000
05/12/2017	0.234681	0.241597	0.223524	0.225790	3,189,370	192,438,000
05/11/2017	0.217807	0.246524	0.215522	0.234533	4,765,290	178,602,000
05/10/2017	0.213461	0.241963	0.207862	0.217156	4,935,150	175,038,000
05/09/2017	0.246259	0.246259	0.192982	0.212477	6,256,640	201,932,000
05/08/2017	0.240666	0.283314	0.221931	0.246443	11,913,400	197,346,000
05/07/2017	0.254117	0.258147	0.231632	0.241079	7,621,820	208,376,000
05/06/2017	0.245214	0.258851	0.241262	0.254044	4,702,160	201,075,000
05/05/2017	0.253758	0.276321	0.240200	0.244687	9,641,450	208,082,000
05/04/2017	0.223428	0.264858	0.221783	0.253327	9,869,600	183,211,000
05/03/2017	0.223483	0.230567	0.214231	0.223747	7,354,080	183,256,000
05/02/2017	0.218652	0.233184	0.186224	0.225262	11,068,300	179,295,000
05/01/2017	0.222324	0.242740	0.173630	0.217398	13,878,900	182,306,000
04/30/2017	0.170580	0.247030	0.165160	0.219924	19,947,000	139,876,000
04/29/2017	0.146435	0.177192	0.146435	0.169056	9,009,180	120,077,000
04/28/2017	0.131343	0.147806	0.125125	0.144269	7,029,460	107,701,000
04/27/2017	0.104552	0.132466	0.104435	0.131655	5,861,470	85,732,600
04/26/2017	0.101183	0.105532	0.100631	0.104627	1,146,160	82,970,100
04/25/2017	0.101568	0.103070	0.098578	0.100386	1,272,550	83,285,800
04/24/2017	0.096944	0.102257	0.094598	0.101174	1,379,610	79,494,300
04/23/2017	0.098211	0.098657	0.095256	0.096689	826,309	80,533,200
04/22/2017	0.098945	0.101036	0.097088	0.098330	1,151,730	81,134,800
04/21/2017	0.100162	0.100859	0.095411	0.098766	1,244,990	82,132,800
04/20/2017	0.102845	0.105545	0.092782	0.100681	3,051,520	84,332,900
04/19/2017	0.107595	0.110645	0.099830	0.100609	4,313,360	88,227,900
04/18/2017	0.090670	0.108937	0.088622	0.107244	5,094,500	74,349,200
04/17/2017	0.081050	0.091587	0.080769	0.090230	2,070,030	66,461,000
04/16/2017	0.077422	0.084184	0.077201	0.081091	1,110,740	63,485,900
04/15/2017	0.074361	0.077377	0.074135	0.077377	592,929	60,976,200
04/14/2017	0.077259	0.078986	0.072674	0.074343	651,507	63,352,100
04/13/2017	0.074597	0.079905	0.074557	0.077001	1,041,600	61,169,800
04/12/2017	0.070002	0.075746	0.067818	0.074567	850,012	57,402,000
04/11/2017	0.072158	0.073634	0.068300	0.069740	662,268	59,169,600
04/10/2017	0.072246	0.074330	0.067211	0.072062	982,616	59,242,000
04/09/2017	0.076521	0.077731	0.071555	0.072126	900,412	62,747,100
04/08/2017	0.074524	0.081310	0.074524	0.076528	709,893	61,110,000
04/07/2017	0.080353	0.082748	0.074568	0.075444	836,773	65,889,100
04/06/2017	0.077734	0.086799	0.075431	0.080689	2,497,940	63,741,600
04/05/2017	0.077089	0.081220	0.075084	0.077467	1,035,050	63,212,600
04/04/2017	0.078594	0.080775	0.073234	0.076805	1,286,810	64,447,100
04/03/2017	0.079073	0.083841	0.071293	0.078466	1,708,640	64,839,700
04/02/2017	0.090600	0.091555	0.073071	0.078237	2,668,190	74,291,700
04/01/2017	0.085314	0.091565	0.082130	0.090482	1,636,680	69,957,700
03/31/2017	0.084555	0.097363	0.078856	0.086301	6,553,310	69,334,900
03/30/2017	0.064136	0.092468	0.062552	0.084839	9,559,280	52,591,800
03/29/2017	0.056927	0.068385	0.052937	0.064150	2,723,590	46,680,100
03/28/2017	0.050174	0.059264	0.049848	0.056277	1,304,860	41,142,500
03/27/2017	0.050319	0.057781	0.047464	0.050017	1,732,460	41,261,300
03/26/2017	0.042039	0.063681	0.041559	0.050530	2,355,110	34,472,000
03/25/2017	0.044029	0.045507	0.040226	0.042191	855,677	36,103,500
03/24/2017	0.048566	0.049258	0.041041	0.043714	1,695,980	39,824,500
03/23/2017	0.048262	0.051822	0.046852	0.048744	966,538	39,574,800
03/22/2017	0.051664	0.052547	0.043408	0.048005	1,275,600	42,364,600
03/21/2017	0.054851	0.058586	0.045359	0.051241	3,203,300	44,977,500
03/20/2017	0.036646	0.061280	0.035773	0.057157	4,039,540	30,050,000
03/19/2017	0.029536	0.037180	0.029536	0.036324	473,315	24,219,600
03/18/2017	0.039894	0.040391	0.028236	0.028766	1,011,570	32,713,300
03/17/2017	0.031635	0.046976	0.027901	0.040491	3,416,420	25,941,100
03/16/2017	0.026023	0.044588	0.024986	0.032102	1,592,410	21,338,700
03/15/2017	0.024319	0.026049	0.023244	0.025888	782,701	19,941,500
03/14/2017	0.025542	0.026664	0.023439	0.024192	776,718	20,944,000
03/13/2017	0.023381	0.027340	0.023364	0.025874	1,051,100	19,172,100
03/12/2017	0.023314	0.026776	0.022606	0.023364	685,119	19,117,600
03/11/2017	0.019900	0.025503	0.019830	0.023353	526,868	16,317,700
03/10/2017	0.019722	0.021308	0.017837	0.019665	427,266	16,171,900
03/09/2017	0.019742	0.020857	0.018799	0.019671	283,485	16,188,800
03/08/2017	0.021674	0.022073	0.019729	0.019729	210,365	17,772,800
03/07/2017	0.022933	0.023573	0.021213	0.021812	251,024	18,805,100
03/06/2017	0.023375	0.024657	0.022710	0.022923	171,715	19,167,700
03/05/2017	0.023825	0.024047	0.021877	0.023232	233,299	19,536,900
03/04/2017	0.024323	0.025210	0.023395	0.023828	160,264	19,944,900
03/03/2017	0.023497	0.025479	0.023225	0.024417	168,591	19,267,900
03/02/2017	0.023144	0.025105	0.022063	0.023513	311,264	18,977,800
03/01/2017	0.022814	0.023117	0.021369	0.023117	222,810	18,707,200
02/28/2017	0.021559	0.023172	0.021022	0.022814	209,906	17,678,300
02/27/2017	0.023807	0.023925	0.021197	0.021789	288,352	19,521,600
02/26/2017	0.024230	0.024487	0.023226	0.023706	230,182	19,868,800
02/25/2017	0.023852	0.024828	0.023147	0.024267	271,536	19,558,500
02/24/2017	0.023919	0.025544	0.023179	0.023797	347,215	19,613,700
02/23/2017	0.027511	0.027667	0.022917	0.024034	731,426	22,558,800
02/22/2017	0.021749	0.030189	0.021271	0.028473	948,778	17,834,300
02/21/2017	0.024078	0.024951	0.020605	0.021683	861,842	19,744,300
02/20/2017	0.028862	0.029511	0.023649	0.023708	975,103	23,666,800
02/19/2017	0.037976	0.037976	0.025814	0.028820	2,588,350	31,140,600
02/18/2017	0.022916	0.049773	0.021248	0.037937	563,831	18,790,900
02/17/2017	0.021558	0.024053	0.021212	0.022851	37,658	17,677,900
02/16/2017	0.023365	0.024681	0.020687	0.021586	67,948	19,159,300
02/15/2017	0.023336	0.024456	0.021692	0.023361	31,418	19,135,600
02/14/2017	0.024695	0.025110	0.020437	0.023148	65,474	20,250,000
02/13/2017	0.025544	0.026659	0.022263	0.024668	28,905	20,946,400
02/12/2017	0.025345	0.027551	0.024575	0.025377	41,317	20,783,200
02/11/2017	0.025700	0.027653	0.025111	0.025369	23,038	21,074,200
02/10/2017	0.028052	0.028198	0.024332	0.025465	25,084	23,002,600
02/09/2017	0.030144	0.031135	0.025548	0.028023	30,705	24,718,100
02/08/2017	0.030788	0.032001	0.028272	0.030161	43,743	25,245,800
02/07/2017	0.030350	0.032620	0.027165	0.030759	57,228	24,887,200
02/06/2017	0.029794	0.032981	0.028453	0.030284	46,414	24,431,200
02/05/2017	0.027433	0.030536	0.026222	0.029755	52,924	22,495,400
02/04/2017	0.024165	0.028410	0.022947	0.027417	22,344	19,815,700
02/03/2017	0.022789	0.026367	0.022216	0.024133	31,612	18,686,700
02/02/2017	0.026704	0.027514	0.022403	0.022930	22,394	21,897,200
02/01/2017	0.028410	0.029328	0.024513	0.026680	32,048	23,296,200
01/31/2017	0.029260	0.030389	0.021872	0.028410	67,937	23,993,300
01/30/2017	0.029544	0.030860	0.028121	0.029260	72,558	24,226,200
01/29/2017	0.029295	0.030445	0.028176	0.029524	64,261	24,021,900
01/28/2017	0.028627	0.031393	0.027758	0.029280	72,625	23,474,500
01/27/2017	0.029285	0.030456	0.027640	0.028628	68,686	24,014,000
01/26/2017	0.029078	0.030715	0.026721	0.029285	69,199	23,844,000
01/25/2017	0.027672	0.032187	0.025932	0.026820	170,178	22,691,400
01/24/2017	0.026770	0.030199	0.026349	0.027696	74,390	21,951,400
01/23/2017	0.023100	0.031628	0.022910	0.027077	104,101	18,942,200
01/22/2017	0.023520	0.026150	0.021774	0.023054	31,493	19,286,600
01/21/2017	0.019519	0.027278	0.019513	0.023005	117,673	16,005,400
01/20/2017	0.017782	0.020199	0.017773	0.019519	31,084	14,581,600
01/19/2017	0.017862	0.019055	0.016016	0.017804	27,937	12,164,400
01/18/2017	0.017472	0.018243	0.016391	0.017882	14,269	11,898,500
01/17/2017	0.014834	0.018367	0.014834	0.017446	28,310	10,102,200
01/16/2017	0.016302	0.016467	0.014503	0.014841	9,630	11,101,600
01/15/2017	0.016490	0.016554	0.015502	0.016303	16,802	11,229,600
01/14/2017	0.017615	0.017787	0.015579	0.016483	20,679	11,995,600
01/13/2017	0.016344	0.022924	0.014870	0.017285	62,032	11,130,500
01/12/2017	0.013799	0.016536	0.012169	0.016359	36,116	9,397,310
01/11/2017	0.014490	0.014512	0.012143	0.013843	26,417	9,867,820
01/10/2017	0.012498	0.016397	0.011826	0.014504	27,855	8,511,120
01/09/2017	0.011797	0.012536	0.010634	0.012503	17,309	8,034,140
01/08/2017	0.011912	0.012484	0.010838	0.011161	22,878	8,112,520
01/07/2017	0.011387	0.011914	0.009987	0.011914	26,106	7,754,380
01/06/2017	0.010828	0.011928	0.009197	0.011371	16,558	7,373,960
01/05/2017	0.012600	0.012674	0.009945	0.010820	10,133	8,580,440
01/04/2017	0.010777	0.013100	0.010427	0.012581	13,233	7,339,230
01/03/2017	0.009863	0.013603	0.009297	0.010772	19,084	6,716,870
01/02/2017	0.009871	0.010238	0.009302	0.009863	5,705	6,721,990
01/01/2017	0.009733	0.009955	0.009165	0.009868	22,571	6,628,520
12/31/2016	0.010275	0.010276	0.008917	0.009733	11,473	6,997,030
12/30/2016	0.010692	0.011553	0.009972	0.010279	16,833	7,281,140
12/29/2016	0.010658	0.012409	0.009663	0.010447	7,877	7,258,130
12/28/2016	0.011597	0.011761	0.009544	0.010666	9,808	7,897,730
12/27/2016	0.011243	0.011770	0.009684	0.011593	9,281	7,656,310
12/26/2016	0.011461	0.011604	0.010327	0.011243	7,226	7,805,250
12/25/2016	0.010534	0.011482	0.009957	0.011455	9,295	7,173,540
12/24/2016	0.011971	0.011986	0.010513	0.010524	4,192	8,152,630
12/23/2016	0.012022	0.012579	0.011550	0.011969	7,827	8,186,950
12/22/2016	0.012046	0.016828	0.011649	0.012025	10,742	8,203,160
12/21/2016	0.011843	0.012047	0.010253	0.012047	11,776	8,065,190
12/20/2016	0.010706	0.011853	0.010366	0.011846	15,231	7,290,810
12/19/2016	0.012124	0.012125	0.010931	0.011850	5,513	8,256,620
12/18/2016	0.011694	0.013385	0.009901	0.012122	8,249	7,963,450
12/17/2016	0.011580	0.011707	0.011050	0.011693	4,715	7,886,020
12/16/2016	0.011689	0.012481	0.010914	0.011576	10,131	7,960,250
12/15/2016	0.012953	0.013185	0.011218	0.011676	9,187	8,820,900
12/14/2016	0.011376	0.013066	0.011179	0.012953	16,963	7,746,950
12/13/2016	0.011572	0.011714	0.010036	0.011376	27,719	7,880,910
12/12/2016	0.010583	0.011567	0.008797	0.011566	12,717	7,207,320
12/11/2016	0.011020	0.011042	0.010026	0.010580	10,554	7,504,450
12/10/2016	0.010023	0.011382	0.009725	0.011018	7,327	6,825,960
12/09/2016	0.010383	0.010634	0.009493	0.010021	16,687	7,071,190
12/08/2016	0.010161	0.011670	0.010144	0.010389	18,659	6,919,460
12/07/2016	0.011937	0.011941	0.010161	0.010161	11,337	8,129,270
12/06/2016	0.011407	0.012868	0.011058	0.012494	9,546	7,768,070
12/05/2016	0.012730	0.015425	0.011287	0.011398	10,143	8,669,380
12/04/2016	0.012642	0.012742	0.011574	0.012740	6,976	8,609,520
12/03/2016	0.012689	0.012880	0.011740	0.012642	8,153	8,641,320
12/02/2016	0.012891	0.013293	0.012162	0.012687	11,623	8,779,020
12/01/2016	0.013339	0.013604	0.011644	0.012879	8,438	9,083,710
11/30/2016	0.013264	0.014569	0.012079	0.013339	17,847	9,032,630
11/29/2016	0.011774	0.013259	0.009617	0.013252	8,551	-
11/28/2016	0.012357	0.013495	0.011078	0.011766	5,409	-
11/27/2016	0.012870	0.014002	0.011073	0.012349	4,344	-
11/26/2016	0.011125	0.014493	0.011121	0.012869	4,503	-
11/25/2016	0.011455	0.013257	0.011064	0.011125	2,647	-
11/24/2016	0.010432	0.012160	0.010424	0.011452	2,005	-
11/23/2016	0.013517	0.013566	0.010415	0.010432	3,195	-
11/22/2016	0.013232	0.014962	0.011913	0.013517	5,432	-
11/21/2016	0.014474	0.014810	0.012902	0.014149	3,502	-
11/20/2016	0.015022	0.015071	0.012973	0.014474	5,520	-
11/19/2016	0.013571	0.017595	0.013295	0.015015	6,058	-
11/18/2016	0.015051	0.019346	0.013465	0.013566	7,130	-
