Date	Open	High	Low	Close	Volume	Market Cap
7/4/2018	1.67	1.84	1.62	1.75	38,892,900	646,297,000
7/3/2018	1.76	1.82	1.67	1.67	49,457,000	681,561,000
7/2/2018	1.67	1.8	1.59	1.76	48,343,800	645,941,000
7/1/2018	1.56	1.75	1.54	1.66	53,061,500	605,722,000
6/30/2018	1.52	1.63	1.52	1.56	33,535,800	590,581,000
6/29/2018	1.41	1.55	1.38	1.52	33,934,400	548,173,000
6/28/2018	1.52	1.58	1.41	1.42	31,839,700	588,728,000
6/27/2018	1.48	1.54	1.45	1.52	28,190,500	572,806,000
6/26/2018	1.63	1.64	1.48	1.48	23,964,600	633,314,000
6/25/2018	1.58	1.68	1.55	1.63	36,657,000	611,286,000
6/24/2018	1.75	1.75	1.46	1.58	40,809,300	677,080,000
6/23/2018	1.79	1.82	1.71	1.75	30,862,800	692,569,000
6/22/2018	1.99	2	1.71	1.79	43,267,400	772,320,000
6/21/2018	2.08	2.1	1.98	1.99	39,188,300	806,088,000
6/20/2018	2.11	2.12	2.01	2.08	42,506,400	816,728,000
6/19/2018	2.12	2.18	2.06	2.11	40,532,200	822,091,000
6/18/2018	1.99	2.16	1.95	2.12	46,687,300	771,877,000
6/17/2018	2.03	2.09	1.99	2	40,030,100	787,265,000
6/16/2018	2.02	2.05	1.9	2.03	53,683,100	780,396,000
6/15/2018	2.3	2.3	2	2.01	50,939,700	889,305,000
6/14/2018	2	2.35	1.98	2.3	80,089,000	799,330,000
6/13/2018	1.91	2.06	1.85	2	60,707,500	763,178,000
6/12/2018	2.16	2.16	1.86	1.9	23,543,900	865,635,000
6/11/2018	2.13	2.17	2.05	2.17	26,580,000	824,938,000
6/10/2018	2.47	2.47	2.07	2.13	33,532,900	955,972,000
6/9/2018	2.6	2.61	2.47	2.47	28,835,500	1,007,530,000
6/8/2018	2.6	2.64	2.53	2.6	30,972,400	1,008,250,000
6/7/2018	2.67	2.72	2.6	2.6	22,732,300	1,033,600,000
6/6/2018	2.69	2.7	2.6	2.67	22,381,700	1,042,340,000
6/5/2018	2.66	2.73	2.54	2.69	29,884,200	1,028,360,000
6/4/2018	2.83	2.87	2.6	2.65	35,168,300	1,097,190,000
6/3/2018	2.78	2.9	2.77	2.82	32,290,100	1,077,650,000
6/2/2018	2.72	2.84	2.68	2.78	34,864,300	1,053,870,000
6/1/2018	2.78	2.82	2.66	2.72	48,660,500	1,077,760,000
5/31/2018	2.66	2.85	2.61	2.77	51,880,600	1,030,270,000
5/30/2018	2.62	2.82	2.54	2.68	61,928,800	1,014,380,000
5/29/2018	2.21	2.69	2.2	2.62	66,451,400	854,291,000
5/28/2018	2.52	2.54	2.2	2.21	41,994,900	976,057,000
5/27/2018	2.61	2.61	2.47	2.52	31,561,200	1,011,670,000
5/26/2018	2.66	2.77	2.61	2.61	16,186,100	1,029,930,000
5/25/2018	2.83	2.84	2.62	2.67	19,931,000	1,097,690,000
5/24/2018	2.69	2.85	2.56	2.82	32,746,800	1,043,380,000
5/23/2018	3.07	3.11	2.66	2.69	39,825,300	1,189,500,000
5/22/2018	3.48	3.49	3.04	3.07	32,143,500	1,348,050,000
5/21/2018	3.64	3.65	3.43	3.48	24,410,000	1,409,480,000
5/20/2018	3.54	3.71	3.49	3.64	24,386,700	1,369,320,000
5/19/2018	3.63	3.64	3.49	3.53	20,808,400	1,407,340,000
5/18/2018	3.57	3.64	3.42	3.63	32,009,200	1,381,470,000
5/17/2018	3.85	3.94	3.52	3.56	36,797,300	1,489,690,000
5/16/2018	4.01	4.02	3.69	3.84	45,163,000	1,551,010,000
5/15/2018	4.04	4.43	3.99	4.01	108,231,000	1,564,250,000
5/14/2018	4.08	4.11	3.81	4.01	52,261,900	1,578,690,000
5/13/2018	3.94	4.18	3.85	4.08	46,177,800	1,526,040,000
5/12/2018	4.16	4.22	3.65	3.94	96,616,400	1,609,130,000
5/11/2018	3.86	4.42	3.45	4.11	236,937,000	1,496,160,000
5/10/2018	4.21	4.31	3.85	3.87	37,495,800	1,628,840,000
5/9/2018	4.41	4.41	4.1	4.21	40,110,400	1,709,170,000
5/8/2018	4.29	4.49	4.12	4.46	54,016,300	1,662,770,000
5/7/2018	4.26	4.33	3.96	4.28	40,395,400	1,649,860,000
5/6/2018	4.41	4.43	4.09	4.27	35,434,400	1,709,020,000
5/5/2018	4.54	4.54	4.37	4.42	45,955,200	1,759,020,000
5/4/2018	4.41	4.57	4.19	4.56	73,150,400	1,706,440,000
5/3/2018	4.37	4.59	4.34	4.4	85,571,700	1,693,310,000
5/2/2018	4.39	4.41	4.29	4.37	46,918,400	1,698,880,000
5/1/2018	4.34	4.43	4.01	4.41	66,976,200	1,679,080,000
4/30/2018	4.69	4.69	4.26	4.34	94,284,100	1,815,430,000
4/29/2018	4.83	4.87	4.4	4.71	110,776,000	1,870,780,000
4/28/2018	4.3	4.9	4.3	4.83	130,961,000	1,665,910,000
4/27/2018	4.29	4.8	4.13	4.3	184,250,000	1,662,170,000
4/26/2018	3.73	4.3	3.59	4.29	80,946,100	1,442,560,000
4/25/2018	4.28	4.39	3.57	3.71	124,581,000	1,655,560,000
4/24/2018	3.84	4.34	3.82	4.3	187,057,000	1,486,690,000
4/23/2018	3.45	3.85	3.44	3.84	82,369,600	1,335,130,000
4/22/2018	3.45	3.53	3.35	3.45	35,982,800	1,337,070,000
4/21/2018	3.5	3.62	3.19	3.47	57,491,800	1,353,800,000
4/20/2018	3.3	3.56	3.13	3.5	70,875,200	1,276,480,000
4/19/2018	3.18	3.34	3.11	3.29	63,456,600	1,230,660,000
4/18/2018	2.79	3.22	2.79	3.18	61,234,200	1,080,440,000
4/17/2018	2.83	2.89	2.76	2.79	37,985,200	1,095,770,000
4/16/2018	2.76	2.84	2.64	2.83	80,271,500	1,068,230,000
4/15/2018	2.52	2.76	2.48	2.75	42,291,900	977,600,000
4/14/2018	2.47	2.59	2.46	2.51	25,272,700	955,984,000
4/13/2018	2.57	2.7	2.44	2.48	63,496,900	994,248,000
4/12/2018	2.23	2.58	2.21	2.56	103,899,000	862,098,000
4/11/2018	2.12	2.32	2.08	2.24	69,454,400	818,756,000
4/10/2018	2.01	2.15	1.95	2.11	45,542,800	778,666,000
4/9/2018	2.07	2.17	1.95	2.01	49,826,500	802,165,000
4/8/2018	2.05	2.1	2.03	2.07	38,454,700	792,851,000
4/7/2018	1.89	2.15	1.88	2.04	66,868,800	732,886,000
4/6/2018	1.96	1.98	1.83	1.89	31,609,000	757,199,000
4/5/2018	2.06	2.06	1.9	1.96	36,758,700	796,542,000
4/4/2018	2.31	2.33	2.04	2.06	35,026,400	895,132,000
4/3/2018	2.12	2.33	2.1	2.32	50,196,300	820,582,000
4/2/2018	2.06	2.17	2.02	2.12	40,586,500	797,280,000
4/1/2018	2.21	2.23	1.9	2.06	46,232,600	854,976,000
3/31/2018	2.28	2.38	2.18	2.21	48,282,500	881,826,000
3/30/2018	2.34	2.47	2.15	2.28	87,909,800	905,607,000
3/29/2018	2.85	2.87	2.32	2.33	83,604,100	1,101,450,000
3/28/2018	2.83	2.99	2.8	2.85	69,542,800	1,093,610,000
3/27/2018	3.05	3.08	2.75	2.84	100,465,000	1,179,270,000
3/26/2018	3.52	3.53	2.86	3.06	113,860,000	1,361,060,000
3/25/2018	3.56	3.68	3.39	3.51	112,771,000	1,378,000,000
3/24/2018	4.04	4.19	3.62	3.64	153,999,000	1,564,350,000
3/23/2018	3.59	4.22	3.08	4.06	598,299,000	1,387,790,000
3/22/2018	3.48	3.99	3.28	3.59	132,270,000	1,344,440,000
3/21/2018	2.67	3.7	2.62	3.47	235,402,000	1,031,500,000
3/20/2018	2.38	2.74	2.14	2.62	48,542,400	918,344,000
3/19/2018	2.09	2.35	1.97	2.35	39,146,200	806,369,000
3/18/2018	1.95	2.1	1.59	2.07	35,447,300	751,868,000
3/17/2018	2.25	2.25	1.89	1.96	25,180,000	869,145,000
3/16/2018	2.27	2.39	2.16	2.25	24,701,000	876,745,000
3/15/2018	2.38	2.43	2.16	2.27	31,307,700	918,183,000
3/14/2018	2.9	3.14	2.28	2.38	55,190,300	1,120,270,000
3/13/2018	2.62	2.94	2.59	2.88	37,901,500	1,013,500,000
3/12/2018	2.77	2.86	2.54	2.64	15,110,200	1,069,070,000
3/11/2018	2.47	2.82	2.37	2.78	9,918,750	954,506,000
3/10/2018	2.68	2.83	2.43	2.47	12,162,200	1,033,760,000
3/9/2018	2.59	2.73	2.2	2.72	19,856,200	997,345,000
3/8/2018	3	3.07	2.6	2.61	18,798,000	1,157,400,000
3/7/2018	3.41	3.47	2.68	3	33,020,700	1,317,660,000
3/6/2018	3.56	3.59	3.26	3.42	28,737,100	1,374,390,000
3/5/2018	3.64	3.67	3.54	3.59	16,088,900	1,405,150,000
3/4/2018	3.66	3.75	3.52	3.64	16,649,900	1,412,180,000
3/3/2018	3.71	3.88	3.61	3.66	17,486,200	1,432,210,000
3/2/2018	3.81	3.88	3.59	3.71	19,446,700	1,470,820,000
3/1/2018	3.55	3.86	3.5	3.81	20,427,300	1,369,150,000
2/28/2018	4.02	4.02	3.55	3.55	28,413,100	1,553,020,000
2/27/2018	4.03	4.1	3.89	4.03	23,394,200	1,554,800,000
2/26/2018	3.87	4.25	3.83	4	57,012,300	1,496,620,000
2/25/2018	3.82	3.91	3.64	3.87	20,438,700	1,477,030,000
2/24/2018	3.94	4.1	3.62	3.83	18,201,100	1,524,150,000
2/23/2018	3.76	4.2	3.64	3.95	29,152,600	1,451,450,000
2/22/2018	4	4.34	3.66	3.76	35,044,500	1,547,280,000
2/21/2018	4.19	4.57	3.89	4.02	49,737,300	1,615,600,000
2/20/2018	4.8	4.84	4.12	4.16	52,935,400	1,852,600,000
2/19/2018	4.69	4.94	4.68	4.81	35,274,700	1,810,200,000
2/18/2018	5.4	5.4	4.62	4.71	48,768,400	2,085,550,000
2/17/2018	4.89	5.78	4.82	5.39	97,824,900	1,888,860,000
2/16/2018	4.82	4.97	4.5	4.85	41,488,100	1,839,770,000
2/15/2018	4.44	4.88	4.31	4.86	57,393,200	1,692,880,000
2/14/2018	3.91	4.52	3.89	4.42	46,688,800	1,493,020,000
2/13/2018	4.25	4.32	3.86	3.94	35,776,400	1,619,740,000
2/12/2018	3.86	4.48	3.86	4.25	51,677,700	1,471,540,000
2/11/2018	4.04	4.15	3.42	3.8	55,951,900	1,542,150,000
2/10/2018	4.57	4.71	3.78	4.09	57,370,900	1,744,970,000
2/9/2018	4.35	4.58	4.1	4.57	10,375,600	1,657,680,000
2/8/2018	3.82	4.5	3.82	4.33	99,461,300	1,458,380,000
2/7/2018	4.38	4.84	3.74	3.81	90,748,200	1,672,260,000
2/6/2018	3.08	4.7	2.4	4.41	163,330,000	1,175,930,000
2/5/2018	4.27	4.35	2.58	3.08	83,113,100	1,630,110,000
2/4/2018	5.44	5.48	4.03	4.36	54,855,100	2,074,470,000
2/3/2018	5.3	5.96	4.71	5.43	47,213,900	2,021,100,000
2/2/2018	6.08	6.08	3.77	5.3	94,399,400	2,319,700,000
2/1/2018	7.72	7.75	5.43	6.09	128,136,000	2,942,890,000
1/31/2018	8.27	8.82	7.15	7.68	178,997,000	3,151,000,000
1/30/2018	9.52	10.08	7.94	8.27	205,957,000	3,628,280,000
1/29/2018	9.43	9.63	8.62	9.47	120,820,000	3,582,480,000
1/28/2018	7.94	9.63	7.91	9.41	154,715,000	3,017,350,000
1/27/2018	7.93	8.07	7.67	7.86	42,756,600	3,012,180,000
1/26/2018	7.82	8.1	6.94	7.94	65,230,500	2,972,130,000
1/25/2018	8.38	8.73	7.65	7.84	84,307,600	3,183,380,000
1/24/2018	8.1	9.3	7.51	8.34	184,779,000	3,079,560,000
1/23/2018	8.12	8.73	7.18	8.12	87,696,600	3,087,210,000
1/22/2018	9.02	9.3	7.38	8.16	85,710,100	3,427,670,000
1/21/2018	10.29	10.33	8.38	8.88	79,298,200	3,909,760,000
1/20/2018	8.54	10.68	8.54	10.33	118,950,000	3,243,750,000
1/19/2018	7.86	8.77	7.38	8.43	77,194,800	2,985,450,000
1/18/2018	7.5	8.7	6.95	7.93	91,459,000	2,851,870,000
1/17/2018	7.45	8.12	4.99	7.47	106,760,000	2,831,510,000
1/16/2018	9.89	9.91	5.82	7.51	113,491,000	3,759,910,000
1/15/2018	10.61	10.78	9.49	9.87	95,147,400	4,031,390,000
1/14/2018	9.91	10.83	9.47	10.59	106,777,000	3,752,670,000
1/13/2018	9.92	10.42	9.41	9.92	107,243,000	3,755,250,000
1/12/2018	9.2	10.35	8.66	9.96	114,801,000	3,481,210,000
1/11/2018	11.07	11.68	7.76	9.2	200,895,000	4,189,070,000
1/10/2018	12.27	12.33	10.31	11.04	151,609,000	4,645,360,000
1/9/2018	10.38	12.64	10.34	12.19	259,024,000	3,928,180,000
1/8/2018	9.86	11.28	8.87	10.41	227,863,000	3,730,790,000
1/7/2018	7.79	10.5	7.76	9.92	283,778,000	2,947,310,000
1/6/2018	6.89	7.94	6.76	7.76	149,783,000	2,607,470,000
1/5/2018	7.31	7.89	6.37	6.84	161,902,000	2,765,270,000
1/4/2018	7.4	8.08	6.78	7.24	160,103,000	2,794,050,000
1/3/2018	6.48	7.41	6.25	7.34	147,000,000	2,446,920,000
1/2/2018	6.18	7.11	5.68	6.49	159,429,000	2,328,010,000
1/1/2018	5.35	6.43	4.98	6.16	103,225,000	2,017,570,000
12/31/2017	5.18	5.51	5.02	5.35	62,230,900	1,952,280,000
12/30/2017	5.53	5.53	4.77	5.2	65,365,800	2,082,760,000
12/29/2017	5.84	6.04	5.2	5.51	72,316,600	2,004,520,000
12/28/2017	5.13	6.04	4.44	5.79	143,201,000	1,465,880,000
12/27/2017	6.28	6.28	4.83	5.19	124,386,000	1,794,830,000
12/26/2017	6.99	7.34	4.97	6.18	217,605,000	1,998,530,000
12/25/2017	4.4	7.1	4.4	6.91	200,710,000	-
12/24/2017	4.12	4.34	3.25	4.34	51,895,300	-
12/23/2017	2.75	4.39	2.75	4.06	96,608,400	-
12/22/2017	2.94	3.13	1.97	2.73	55,008,500	-
12/21/2017	2.16	2.99	2.14	2.91	86,107,900	-
12/20/2017	2.14	2.21	1.88	2.16	46,317,300	427,608,000
12/19/2017	2.14	2.44	2.04	2.14	52,223,100	-
12/18/2017	2.83	3.54	1.55	2.16	206,305,000	-
12/17/2017	2.6	3.24	2.25	2.83	219,214	-
12/16/2017	2.4	3.26	2.37	2.6	209,230	-
12/15/2017	2.03	2.7	1.9	2.4	130,752	-
12/14/2017	2.02	2.13	1.92	2.02	35,517	-
12/13/2017	2.11	2.31	1.86	2.03	60,800	-
12/12/2017	1.97	2.35	1.9	2.11	162,836	-
12/11/2017	1.75	2.05	1.69	1.98	76,913	-
12/10/2017	1.88	1.93	1.61	1.76	83,091	-
12/9/2017	1.78	1.91	1.59	1.88	68,996	-
12/8/2017	1.78	1.84	1.51	1.78	87,178	-
12/7/2017	1.75	2.07	1.64	1.9	199,030	-
12/6/2017	1.58	1.81	1.57	1.75	216,482	-
12/5/2017	1.16	1.68	1.16	1.58	62,904	-
12/4/2017	1.55	1.59	1.15	1.16	95,590	-
12/3/2017	1.62	1.65	1.43	1.55	37,541	-
12/2/2017	1.46	1.64	1.46	1.62	25,697	-
12/1/2017	1.35	1.65	1.26	1.46	97,184	-
11/30/2017	1.12	1.63	1.11	1.35	23,448	-
11/29/2017	1.63	1.74	1.09	1.1	90,903	-
11/28/2017	1.4	1.63	1.4	1.62	117,213	-
11/27/2017	1	1.66	1	1.45	126,392	-
11/26/2017	1.13	1.18	0.959147	1	52,840	-
11/25/2017	1.1	1.2	1.09	1.19	12,393	-
11/24/2017	1.01	1.11	0.973021	1.1	63,073	-
11/23/2017	1.09	1.14	0.936029	1.01	39,387	-
11/22/2017	1.06	1.09	0.946389	1.09	29,666	-
11/21/2017	0.963688	1.06	0.878585	1.05	53,901	-
11/20/2017	1	1.13	0.919725	0.964074	37,446	-
11/19/2017	0.969894	1.12	0.907682	1	17,206	-
11/18/2017	0.973898	1.13	0.87775	0.978447	42,698	-
11/17/2017	1.03	1.11	0.891679	0.975336	31,045	-
11/16/2017	1	1.12	0.985271	1.04	32,680	-
11/15/2017	1.06	1.09	0.976417	1	36,238	-
11/14/2017	0.958108	1.1	0.9053	1.06	35,891	-
11/13/2017	1.04	1.12	0.922808	0.957364	26,404	-
11/12/2017	1.05	1.1	0.800991	1.04	63,451	-
11/11/2017	0.913627	1.05	0.731008	1.05	87,265	-
11/10/2017	1.23	1.36	0.854839	0.916497	172,543	-
11/9/2017	1.31	1.56	1.16	1.22	88,687	-
11/8/2017	1.41	1.41	0.971682	1.32	126,020	-
11/7/2017	1.73	2.01	0.763202	1.41	476,528	-
11/6/2017	1.59	2.07	1.39	1.73	348,604	-
11/5/2017	1.24	1.61	1.23	1.58	88,534	-
11/4/2017	1.35	1.41	1.15	1.4	55,451	-
11/3/2017	1.18	1.35	0.990123	1.35	51,631	-
11/2/2017	1.08	1.24	0.879071	1.17	276,079	-
11/1/2017	0.665505	1.22	0.661789	1.08	241,493	-
10/31/2017	0.534153	0.764108	0.5135	0.685691	110,856	-
10/30/2017	0.453817	0.578122	0.42357	0.565623	21,873	-
10/29/2017	0.477424	0.491858	0.431237	0.455864	27,956	-
10/28/2017	0.497721	0.582964	0.397951	0.477654	68,469	-
10/27/2017	0.408919	0.571872	0.403292	0.497052	71,509	-
