Date	Open	High	Low	Close	Volume	Market Cap
07/15/2018	0.000127	0.000155	0.000125	0.000154	718,411	96,068,200
07/14/2018	0.000137	0.000140	0.000118	0.000129	722,190	103,708,000
07/13/2018	0.000131	0.000142	0.000130	0.000139	988,629	99,263,500
07/12/2018	0.000135	0.000140	0.000128	0.000129	568,013	102,271,000
07/11/2018	0.000129	0.000135	0.000127	0.000133	295,377	97,901,800
07/10/2018	0.000135	0.000141	0.000125	0.000129	203,214	102,357,000
07/09/2018	0.000140	0.000143	0.000132	0.000135	385,685	105,792,000
07/08/2018	0.000145	0.000146	0.000139	0.000140	407,517	109,865,000
07/07/2018	0.000140	0.000145	0.000138	0.000145	201,656	105,926,000
07/06/2018	0.000143	0.000144	0.000134	0.000140	504,555	107,942,000
07/05/2018	0.000145	0.000148	0.000138	0.000143	431,269	109,744,000
07/04/2018	0.000150	0.000151	0.000144	0.000145	515,531	113,536,000
07/03/2018	0.000139	0.000154	0.000139	0.000150	474,024	105,312,000
07/02/2018	0.000136	0.000139	0.000132	0.000139	298,181	102,591,000
07/01/2018	0.000140	0.000140	0.000132	0.000136	337,729	105,659,000
06/30/2018	0.000135	0.000141	0.000135	0.000140	387,477	101,699,000
06/29/2018	0.000133	0.000136	0.000128	0.000135	488,467	100,879,000
06/28/2018	0.000144	0.000157	0.000133	0.000133	676,556	108,807,000
06/27/2018	0.000133	0.000145	0.000128	0.000144	464,045	100,270,000
06/26/2018	0.000134	0.000158	0.000126	0.000133	490,388	101,107,000
06/25/2018	0.000119	0.000137	0.000119	0.000133	437,097	90,066,300
06/24/2018	0.000134	0.000135	0.000111	0.000123	703,111	101,380,000
06/23/2018	0.000137	0.000138	0.000130	0.000135	276,752	103,385,000
06/22/2018	0.000145	0.000147	0.000135	0.000136	265,707	109,502,000
06/21/2018	0.000149	0.000151	0.000142	0.000145	333,149	112,860,000
06/20/2018	0.000148	0.000152	0.000144	0.000149	374,240	111,562,000
06/19/2018	0.000145	0.000154	0.000143	0.000147	368,180	109,783,000
06/18/2018	0.000144	0.000151	0.000125	0.000145	254,847	108,634,000
06/17/2018	0.000153	0.000157	0.000143	0.000145	278,358	115,517,000
06/16/2018	0.000141	0.000155	0.000141	0.000153	294,266	106,572,000
06/15/2018	0.000158	0.000162	0.000141	0.000141	327,788	119,245,000
06/14/2018	0.000134	0.000163	0.000134	0.000158	450,534	100,972,000
06/13/2018	0.000154	0.000158	0.000130	0.000133	420,749	116,439,000
06/12/2018	0.000167	0.000170	0.000153	0.000154	417,839	126,380,000
06/11/2018	0.000164	0.000170	0.000157	0.000166	434,739	123,727,000
06/10/2018	0.000185	0.000186	0.000155	0.000163	527,731	139,604,000
06/09/2018	0.000184	0.000188	0.000181	0.000185	420,955	139,149,000
06/08/2018	0.000182	0.000184	0.000162	0.000184	1,293,510	137,799,000
06/07/2018	0.000194	0.000198	0.000176	0.000182	1,501,660	146,975,000
06/06/2018	0.000192	0.000197	0.000185	0.000194	470,320	145,430,000
06/05/2018	0.000193	0.000196	0.000187	0.000192	568,378	145,575,000
06/04/2018	0.000198	0.000204	0.000186	0.000192	734,374	149,452,000
06/03/2018	0.000194	0.000203	0.000193	0.000200	401,822	146,579,000
06/02/2018	0.000186	0.000201	0.000185	0.000194	534,147	140,841,000
06/01/2018	0.000189	0.000192	0.000181	0.000187	500,396	142,988,000
05/31/2018	0.000191	0.000198	0.000184	0.000189	663,375	144,407,000
05/30/2018	0.000192	0.000204	0.000185	0.000191	984,716	145,197,000
05/29/2018	0.000171	0.000198	0.000166	0.000192	789,140	129,032,000
05/28/2018	0.000185	0.000187	0.000165	0.000171	905,770	139,510,000
05/27/2018	0.000193	0.000197	0.000182	0.000184	652,424	146,041,000
05/26/2018	0.000202	0.000208	0.000193	0.000194	385,022	152,356,000
05/25/2018	0.000203	0.000221	0.000196	0.000201	814,540	153,338,000
05/24/2018	0.000185	0.000202	0.000181	0.000202	852,259	139,794,000
05/23/2018	0.000212	0.000216	0.000182	0.000186	854,211	160,081,000
05/22/2018	0.000244	0.000244	0.000210	0.000212	526,470	184,766,000
05/21/2018	0.000237	0.000245	0.000230	0.000244	665,493	179,195,000
05/20/2018	0.000227	0.000241	0.000224	0.000236	701,274	171,931,000
05/19/2018	0.000225	0.000236	0.000220	0.000227	540,466	169,975,000
05/18/2018	0.000230	0.000235	0.000215	0.000227	1,285,450	174,148,000
05/17/2018	0.000247	0.000263	0.000228	0.000230	1,429,930	187,107,000
05/16/2018	0.000261	0.000271	0.000226	0.000242	2,134,560	197,113,000
05/15/2018	0.000303	0.000311	0.000250	0.000261	4,270,840	229,135,000
05/14/2018	0.000276	0.000387	0.000274	0.000305	9,210,890	208,418,000
05/13/2018	0.000190	0.000297	0.000188	0.000276	4,489,580	143,559,000
05/12/2018	0.000193	0.000197	0.000180	0.000190	1,237,390	146,032,000
05/11/2018	0.000173	0.000220	0.000172	0.000193	3,047,220	130,561,000
05/10/2018	0.000172	0.000194	0.000163	0.000175	2,015,140	129,949,000
05/09/2018	0.000175	0.000175	0.000164	0.000171	1,114,700	132,548,000
05/08/2018	0.000179	0.000193	0.000170	0.000176	1,359,700	135,205,000
05/07/2018	0.000207	0.000207	0.000165	0.000178	2,015,360	156,248,000
05/06/2018	0.000245	0.000247	0.000196	0.000206	778,952	185,526,000
05/05/2018	0.000244	0.000262	0.000235	0.000244	594,765	184,506,000
05/04/2018	0.000257	0.000258	0.000230	0.000244	459,715	194,414,000
05/03/2018	0.000240	0.000259	0.000239	0.000257	567,574	181,790,000
05/02/2018	0.000236	0.000253	0.000229	0.000240	372,674	178,655,000
05/01/2018	0.000234	0.000242	0.000221	0.000237	310,943	176,862,000
04/30/2018	0.000245	0.000252	0.000225	0.000234	621,502	185,347,000
04/29/2018	0.000262	0.000268	0.000238	0.000245	668,002	197,755,000
04/28/2018	0.000248	0.000264	0.000246	0.000261	429,432	187,669,000
04/27/2018	0.000266	0.000275	0.000236	0.000250	1,137,750	201,090,000
04/26/2018	0.000247	0.000267	0.000237	0.000266	623,788	186,751,000
04/25/2018	0.000289	0.000290	0.000240	0.000249	556,109	218,838,000
04/24/2018	0.000265	0.000296	0.000265	0.000289	1,286,110	200,639,000
04/23/2018	0.000216	0.000278	0.000215	0.000264	662,280	163,278,000
04/22/2018	0.000218	0.000228	0.000213	0.000217	410,094	164,574,000
04/21/2018	0.000238	0.000243	0.000206	0.000218	791,693	179,966,000
04/20/2018	0.000218	0.000251	0.000210	0.000237	1,201,270	165,142,000
04/19/2018	0.000179	0.000233	0.000177	0.000217	1,285,250	135,584,000
04/18/2018	0.000169	0.000179	0.000168	0.000179	439,684	127,952,000
04/17/2018	0.000162	0.000179	0.000156	0.000170	413,748	122,498,000
04/16/2018	0.000172	0.000177	0.000152	0.000162	532,344	129,817,000
04/15/2018	0.000144	0.000172	0.000143	0.000172	491,701	108,625,000
04/14/2018	0.000128	0.000159	0.000128	0.000144	582,114	97,030,100
04/13/2018	0.000120	0.000133	0.000115	0.000128	649,480	90,773,200
04/12/2018	0.000118	0.000121	0.000102	0.000121	760,188	88,887,400
04/11/2018	0.000111	0.000118	0.000103	0.000118	607,688	83,672,000
04/10/2018	0.000113	0.000116	0.000103	0.000110	687,349	85,264,100
04/09/2018	0.000123	0.000129	0.000108	0.000111	741,938	92,703,600
04/08/2018	0.000130	0.000135	0.000119	0.000123	553,739	97,953,700
04/07/2018	0.000141	0.000146	0.000124	0.000130	807,868	106,518,000
04/06/2018	0.000141	0.000144	0.000126	0.000141	315,324	106,659,000
04/05/2018	0.000153	0.000155	0.000135	0.000141	330,023	115,904,000
04/04/2018	0.000173	0.000174	0.000148	0.000154	426,893	130,611,000
04/03/2018	0.000170	0.000177	0.000164	0.000172	317,395	128,534,000
04/02/2018	0.000172	0.000175	0.000166	0.000170	243,876	129,801,000
04/01/2018	0.000184	0.000193	0.000167	0.000172	235,036	138,848,000
03/31/2018	0.000185	0.000207	0.000181	0.000184	335,350	139,821,000
03/30/2018	0.000186	0.000193	0.000170	0.000186	517,534	140,561,000
03/29/2018	0.000181	0.000193	0.000167	0.000186	509,987	137,148,000
03/28/2018	0.000169	0.000190	0.000167	0.000181	388,697	127,548,000
03/27/2018	0.000181	0.000182	0.000165	0.000168	221,628	136,588,000
03/26/2018	0.000191	0.000195	0.000165	0.000181	253,788	144,671,000
03/25/2018	0.000183	0.000205	0.000180	0.000192	378,089	138,327,000
03/24/2018	0.000174	0.000206	0.000172	0.000185	409,603	131,262,000
03/23/2018	0.000187	0.000187	0.000162	0.000172	457,722	141,366,000
03/22/2018	0.000183	0.000232	0.000166	0.000186	386,135	138,475,000
03/21/2018	0.000179	0.000203	0.000174	0.000183	456,383	135,317,000
03/20/2018	0.000178	0.000190	0.000169	0.000178	417,320	134,785,000
03/19/2018	0.000180	0.000187	0.000166	0.000177	428,568	136,011,000
03/18/2018	0.000180	0.000181	0.000145	0.000179	351,419	136,088,000
03/17/2018	0.000192	0.000198	0.000173	0.000180	138,774	145,202,000
03/16/2018	0.000195	0.000206	0.000176	0.000192	159,232	147,749,000
03/15/2018	0.000197	0.000221	0.000175	0.000196	657,771	148,989,000
03/14/2018	0.000214	0.000253	0.000186	0.000194	305,270	161,428,000
03/13/2018	0.000221	0.000242	0.000211	0.000211	283,490	166,957,000
03/12/2018	0.000236	0.000243	0.000216	0.000222	159,176	178,455,000
03/11/2018	0.000213	0.000237	0.000203	0.000226	269,536	160,974,000
03/10/2018	0.000220	0.000236	0.000214	0.000217	182,924	166,618,000
03/09/2018	0.000237	0.000237	0.000213	0.000220	317,348	178,947,000
03/08/2018	0.000256	0.000261	0.000230	0.000236	289,491	193,314,000
03/07/2018	0.000267	0.000289	0.000238	0.000256	373,233	201,570,000
03/06/2018	0.000276	0.000289	0.000266	0.000268	211,449	208,673,000
03/05/2018	0.000269	0.000307	0.000262	0.000277	389,389	203,087,000
03/04/2018	0.000272	0.000302	0.000262	0.000269	302,136	205,369,000
03/03/2018	0.000289	0.000295	0.000261	0.000272	469,144	218,219,000
03/02/2018	0.000295	0.000302	0.000280	0.000287	432,630	223,332,000
03/01/2018	0.000289	0.000311	0.000266	0.000294	544,285	218,643,000
02/28/2018	0.000300	0.000313	0.000267	0.000288	424,584	226,621,000
02/27/2018	0.000257	0.000305	0.000246	0.000298	758,341	194,043,000
02/26/2018	0.000282	0.000288	0.000235	0.000259	564,973	213,203,000
02/25/2018	0.000271	0.000291	0.000264	0.000279	169,718	204,785,000
02/24/2018	0.000275	0.000293	0.000261	0.000272	386,139	208,096,000
02/23/2018	0.000290	0.000309	0.000251	0.000274	601,834	219,249,000
02/22/2018	0.000311	0.000317	0.000277	0.000290	339,997	235,090,000
02/21/2018	0.000317	0.000366	0.000273	0.000310	678,707	239,508,000
02/20/2018	0.000360	0.000398	0.000309	0.000317	731,637	272,351,000
02/19/2018	0.000294	0.000366	0.000277	0.000360	650,326	222,649,000
02/18/2018	0.000381	0.000385	0.000274	0.000295	562,187	288,122,000
02/17/2018	0.000340	0.000379	0.000274	0.000379	300,899	257,328,000
02/16/2018	0.000319	0.000340	0.000293	0.000339	379,335	240,977,000
02/15/2018	0.000315	0.000329	0.000303	0.000304	244,425	238,136,000
02/14/2018	0.000269	0.000315	0.000267	0.000310	640,655	203,742,000
02/13/2018	0.000295	0.000301	0.000236	0.000270	242,780	223,014,000
02/12/2018	0.000261	0.000298	0.000252	0.000295	238,214	197,376,000
02/11/2018	0.000298	0.000299	0.000232	0.000261	459,251	225,044,000
02/10/2018	0.000306	0.000322	0.000266	0.000295	263,406	231,128,000
02/09/2018	0.000278	0.000307	0.000264	0.000288	181,140	210,142,000
02/08/2018	0.000261	0.000304	0.000253	0.000278	507,425	197,510,000
02/07/2018	0.000285	0.000323	0.000252	0.000261	476,514	215,126,000
02/06/2018	0.000224	0.000286	0.000189	0.000284	529,429	169,736,000
02/05/2018	0.000287	0.000305	0.000219	0.000224	371,970	216,810,000
02/04/2018	0.000321	0.000353	0.000270	0.000289	376,059	242,409,000
02/03/2018	0.000322	0.000350	0.000282	0.000320	415,971	243,776,000
02/02/2018	0.000300	0.000324	0.000227	0.000321	703,576	226,823,000
02/01/2018	0.000336	0.000375	0.000278	0.000301	408,922	254,271,000
01/31/2018	0.000343	0.000351	0.000305	0.000335	594,485	259,419,000
01/30/2018	0.000384	0.000387	0.000313	0.000324	644,100	290,203,000
01/29/2018	0.000415	0.000422	0.000365	0.000393	604,270	314,135,000
01/28/2018	0.000365	0.000431	0.000365	0.000424	502,410	276,207,000
01/27/2018	0.000400	0.000400	0.000324	0.000374	1,171,870	302,442,000
01/26/2018	0.000420	0.000436	0.000362	0.000400	954,713	317,264,000
01/25/2018	0.000416	0.000447	0.000395	0.000421	882,501	314,880,000
01/24/2018	0.000374	0.000413	0.000342	0.000413	1,720,210	282,524,000
01/23/2018	0.000471	0.000496	0.000373	0.000373	1,729,800	355,947,000
01/22/2018	0.000498	0.000510	0.000406	0.000472	1,466,880	376,792,000
01/21/2018	0.000590	0.000590	0.000449	0.000495	791,488	445,786,000
01/20/2018	0.000531	0.000614	0.000511	0.000593	1,097,490	401,753,000
01/19/2018	0.000484	0.000567	0.000480	0.000527	1,247,160	366,133,000
01/18/2018	0.000386	0.000556	0.000375	0.000530	2,083,880	291,599,000
01/17/2018	0.000435	0.000464	0.000297	0.000384	1,645,830	328,713,000
01/16/2018	0.000529	0.000529	0.000343	0.000438	803,864	399,883,000
01/15/2018	0.000628	0.000638	0.000492	0.000526	2,531,570	475,071,000
01/14/2018	0.000685	0.000747	0.000566	0.000628	3,012,810	517,708,000
01/13/2018	0.000600	0.000747	0.000554	0.000684	3,081,840	453,752,000
01/12/2018	0.000713	0.000752	0.000494	0.000600	5,200,620	539,223,000
01/11/2018	0.000853	0.000953	0.000659	0.000666	2,713,920	644,679,000
01/10/2018	0.000816	0.000931	0.000734	0.000853	3,839,860	616,907,000
01/09/2018	0.001113	0.001127	0.000734	0.000813	6,499,060	841,402,000
01/08/2018	0.001261	0.001383	0.000849	0.001109	4,189,820	953,421,000
01/07/2018	0.001322	0.001434	0.000971	0.001250	5,366,240	999,563,000
01/06/2018	0.000872	0.001493	0.000871	0.001229	16,813,400	659,640,000
01/05/2018	0.000511	0.000909	0.000481	0.000875	8,001,870	386,519,000
01/04/2018	0.000454	0.000546	0.000429	0.000467	2,733,460	343,636,000
01/03/2018	0.000395	0.000497	0.000394	0.000455	1,164,250	298,612,000
01/02/2018	0.000365	0.000407	0.000338	0.000394	1,568,590	275,748,000
01/01/2018	0.000453	0.000459	0.000323	0.000364	3,381,860	342,448,000
12/31/2017	0.000242	0.000506	0.000240	0.000449	4,031,490	183,203,000
12/30/2017	0.000241	0.000277	0.000191	0.000245	1,054,930	182,423,000
12/29/2017	0.000139	0.000259	0.000137	0.000244	1,764,120	104,882,000
12/28/2017	0.000138	0.000140	0.000126	0.000138	499,045	104,196,000
12/27/2017	0.000136	0.000179	0.000134	0.000138	552,453	102,547,000
12/26/2017	0.000134	0.000139	0.000128	0.000135	405,344	101,351,000
12/25/2017	0.000127	0.000139	0.000126	0.000134	475,760	95,661,300
12/24/2017	0.000132	0.000133	0.000105	0.000126	450,328	99,693,300
12/23/2017	0.000124	0.000150	0.000124	0.000130	515,157	93,532,000
12/22/2017	0.000145	0.000179	0.000111	0.000123	568,760	109,434,000
12/21/2017	0.000132	0.000144	0.000128	0.000144	162,606	99,635,200
12/20/2017	0.000144	0.000146	0.000126	0.000132	381,429	109,045,000
12/19/2017	0.000153	0.000170	0.000142	0.000144	635,271	115,310,000
12/18/2017	0.000125	0.000163	0.000119	0.000153	585,627	94,419,600
12/17/2017	0.000088	0.000137	0.000083	0.000125	557,972	66,221,100
12/16/2017	0.000067	0.000087	0.000063	0.000087	159,941	50,782,000
12/15/2017	0.000071	0.000076	0.000065	0.000067	101,764	53,673,300
12/14/2017	0.000068	0.000080	0.000063	0.000071	142,095	51,749,100
12/13/2017	0.000062	0.000072	0.000053	0.000068	170,260	46,842,100
12/12/2017	0.000067	0.000068	0.000051	0.000062	190,098	50,905,300
12/11/2017	0.000056	0.000068	0.000056	0.000068	87,116	42,511,900
12/10/2017	0.000066	0.000067	0.000055	0.000056	75,745	49,711,600
12/09/2017	0.000062	0.000073	0.000061	0.000066	79,592	46,841,200
12/08/2017	0.000065	0.000067	0.000060	0.000062	172,323	48,990,200
12/07/2017	0.000066	0.000072	0.000061	0.000065	29,662	49,556,600
12/06/2017	0.000069	0.000073	0.000064	0.000065	36,804	52,379,500
12/05/2017	0.000065	0.000070	0.000060	0.000069	20,833	48,916,200
12/04/2017	0.000074	0.000075	0.000064	0.000065	74,381	55,942,000
12/03/2017	0.000069	0.000079	0.000067	0.000074	74,564	51,911,200
12/02/2017	0.000071	0.000072	0.000065	0.000069	86,392	53,328,300
12/01/2017	0.000069	0.000072	0.000059	0.000068	56,901	51,956,500
11/30/2017	0.000060	0.000071	0.000053	0.000069	65,174	45,213,000
11/29/2017	0.000062	0.000066	0.000053	0.000059	114,599	47,125,100
11/28/2017	0.000062	0.000068	0.000059	0.000062	105,338	47,138,300
11/27/2017	0.000068	0.000068	0.000058	0.000062	32,146	51,090,600
11/26/2017	0.000070	0.000070	0.000058	0.000068	44,670	52,908,500
11/25/2017	0.000076	0.000076	0.000063	0.000070	61,052	57,165,500
11/24/2017	0.000063	0.000079	0.000062	0.000076	43,287	47,681,600
11/23/2017	0.000064	0.000069	0.000062	0.000063	48,963	48,238,400
11/22/2017	0.000062	0.000069	0.000061	0.000064	62,283	46,785,900
11/21/2017	0.000076	0.000078	0.000060	0.000062	39,580	57,427,300
11/20/2017	0.000076	0.000079	0.000065	0.000076	61,338	57,506,600
11/19/2017	0.000067	0.000079	0.000063	0.000076	47,073	50,648,200
11/18/2017	0.000059	0.000068	0.000056	0.000067	48,443	44,551,200
11/17/2017	0.000057	0.000063	0.000055	0.000060	58,875	43,140,600
11/16/2017	0.000056	0.000063	0.000054	0.000057	32,439	41,963,900
11/15/2017	0.000056	0.000062	0.000053	0.000056	88,513	42,172,300
11/14/2017	0.000053	0.000061	0.000051	0.000056	31,298	39,962,500
11/13/2017	0.000050	0.000056	0.000050	0.000053	30,496	37,581,400
11/12/2017	0.000051	0.000055	0.000047	0.000050	74,943	38,692,000
11/11/2017	0.000053	0.000056	0.000047	0.000051	144,505	40,234,300
11/10/2017	0.000060	0.000062	0.000053	0.000053	34,676	45,364,500
11/09/2017	0.000062	0.000066	0.000054	0.000060	60,472	46,508,600
11/08/2017	0.000048	0.000065	0.000048	0.000062	77,855	36,205,300
11/07/2017	0.000044	0.000049	0.000044	0.000048	53,833	32,923,300
11/06/2017	0.000046	0.000050	0.000043	0.000043	26,815	34,520,800
11/05/2017	0.000046	0.000051	0.000044	0.000046	28,354	34,909,800
11/04/2017	0.000049	0.000049	0.000041	0.000046	37,031	37,252,800
11/03/2017	0.000041	0.000049	0.000037	0.000049	81,746	30,676,700
11/02/2017	0.000048	0.000049	0.000040	0.000040	70,670	36,338,400
11/01/2017	0.000049	0.000055	0.000046	0.000048	39,287	37,291,500
10/31/2017	0.000053	0.000057	0.000049	0.000049	28,608	39,910,400
10/30/2017	0.000056	0.000059	0.000052	0.000053	52,101	42,260,700
10/29/2017	0.000055	0.000073	0.000054	0.000056	25,454	41,426,100
10/28/2017	0.000053	0.000057	0.000050	0.000055	38,250	39,996,200
10/27/2017	0.000050	0.000060	0.000050	0.000053	149,697	37,960,000
10/26/2017	0.000054	0.000056	0.000049	0.000050	122,483	41,167,000
10/25/2017	0.000059	0.000062	0.000053	0.000055	48,390	44,602,000
10/24/2017	0.000058	0.000076	0.000057	0.000059	95,553	44,157,600
10/23/2017	0.000060	0.000071	0.000056	0.000058	58,829	45,654,700
10/22/2017	0.000063	0.000077	0.000060	0.000060	76,946	47,704,100
10/21/2017	0.000064	0.000064	0.000059	0.000063	44,929	48,085,200
10/20/2017	0.000063	0.000068	0.000060	0.000064	71,299	47,885,000
10/19/2017	0.000070	0.000071	0.000063	0.000063	80,708	53,234,000
10/18/2017	0.000066	0.000076	0.000057	0.000071	183,230	49,729,000
10/17/2017	0.000069	0.000201	0.000063	0.000066	51,836	52,491,600
10/16/2017	0.000069	0.000219	0.000061	0.000070	55,276	51,859,100
10/15/2017	0.000070	0.000072	0.000063	0.000068	97,731	53,011,000
10/14/2017	0.000084	0.000087	0.000062	0.000070	110,032	63,687,400
10/13/2017	0.000085	0.000090	0.000063	0.000084	159,065	64,500,900
10/12/2017	0.000079	0.000118	0.000064	0.000086	103,427	59,548,100
10/11/2017	0.000073	0.000079	0.000068	0.000079	89,591	55,496,300
10/10/2017	0.000072	0.000076	0.000065	0.000073	141,326	54,112,900
10/09/2017	0.000081	0.000085	0.000065	0.000071	159,879	61,548,200
10/08/2017	0.000106	0.000107	0.000078	0.000086	145,582	79,778,700
10/07/2017	0.000103	0.000109	0.000084	0.000106	213,933	77,706,300
10/06/2017	0.000097	0.000104	0.000090	0.000103	166,028	73,611,200
10/05/2017	0.000095	0.000100	0.000088	0.000097	227,647	71,582,400
10/04/2017	0.000088	0.000102	0.000084	0.000094	349,608	66,640,200
10/03/2017	0.000107	0.000181	0.000081	0.000088	304,883	81,083,800
10/02/2017	0.000088	0.000108	0.000078	0.000107	390,985	66,220,600
10/01/2017	0.000088	0.000095	0.000056	0.000087	399,236	66,173,700
09/30/2017	0.000096	0.000105	0.000083	0.000087	267,481	72,388,000
09/29/2017	0.000111	0.000115	0.000092	0.000096	289,875	83,559,500
09/28/2017	0.000116	0.000124	0.000093	0.000111	424,899	87,954,500
09/27/2017	0.000093	0.000146	0.000089	0.000116	372,049	-
