Date	Open	High	Low	Close	Volume	Market Cap
07/15/2018	0.876607	0.904665	0.862255	0.896850	3,999,540	117,582,000
07/14/2018	0.861234	0.891836	0.861234	0.879513	3,188,230	115,520,000
07/13/2018	0.849766	0.916497	0.849766	0.859818	5,003,430	113,981,000
07/12/2018	0.865839	0.873575	0.835958	0.849594	4,471,330	116,137,000
07/11/2018	0.845005	0.914541	0.842430	0.865617	4,930,480	113,343,000
07/10/2018	0.962820	0.965092	0.838282	0.844229	5,496,500	129,146,000
07/09/2018	1.01	1.01	0.965396	0.965396	4,761,960	135,949,000
07/08/2018	1.01	1.05	1.01	1.01	5,610,660	135,171,000
07/07/2018	0.993129	1.05	0.963266	1.01	5,406,860	133,211,000
07/06/2018	0.997802	1.00	0.943209	0.992697	5,942,460	133,838,000
07/05/2018	0.941092	1.14	0.941092	0.999987	10,880,400	126,231,000
07/04/2018	0.999159	1.31	0.929705	0.933884	5,411,980	134,020,000
07/03/2018	0.991471	1.10	0.926387	1.01	13,265,500	132,989,000
07/02/2018	0.895654	0.998884	0.889334	0.992207	8,364,520	120,136,000
07/01/2018	0.946521	0.946856	0.857039	0.895227	6,127,250	126,959,000
06/30/2018	0.842602	1.06	0.832633	0.945983	11,780,700	113,020,000
06/29/2018	0.765521	0.906462	0.742782	0.847461	7,004,030	102,681,000
06/28/2018	0.819368	0.828092	0.761932	0.764767	4,241,330	109,904,000
06/27/2018	0.843058	0.843058	0.802578	0.820217	4,961,950	113,082,000
06/26/2018	0.894945	0.894945	0.831303	0.844442	4,447,740	120,041,000
06/25/2018	0.796318	0.898325	0.772079	0.893491	4,771,540	106,812,000
06/24/2018	0.815704	0.817366	0.752876	0.798243	4,177,550	109,413,000
06/23/2018	0.833979	0.847017	0.797030	0.815059	4,639,200	111,864,000
06/22/2018	0.951196	0.955866	0.829504	0.833704	5,110,640	127,586,000
06/21/2018	0.986429	1.01	0.941846	0.951348	4,887,330	132,312,000
06/20/2018	1.00	1.00	0.963848	0.986538	5,107,690	134,137,000
06/19/2018	1.02	1.03	0.993271	0.999265	5,246,640	136,362,000
06/18/2018	0.987125	1.03	0.964728	1.02	5,116,210	132,406,000
06/17/2018	0.989776	1.01	0.979270	0.988987	4,491,000	132,761,000
06/16/2018	1.00	1.01	0.969369	0.988264	5,055,250	134,536,000
06/15/2018	1.05	1.05	0.996264	1.01	5,115,870	140,336,000
06/14/2018	0.944982	1.05	0.940757	1.05	6,589,800	126,753,000
06/13/2018	1.03	1.04	0.918529	0.946259	6,512,420	138,166,000
06/12/2018	1.15	1.16	1.02	1.03	6,815,290	153,836,000
06/11/2018	1.11	1.15	1.08	1.15	6,628,540	149,061,000
06/10/2018	1.33	1.33	1.08	1.11	8,710,260	178,129,000
06/09/2018	1.37	1.38	1.33	1.33	10,198,200	183,218,000
06/08/2018	1.41	1.46	1.32	1.37	13,005,600	189,478,000
06/07/2018	1.42	1.45	1.41	1.41	11,548,400	190,923,000
06/06/2018	1.44	1.45	1.40	1.42	11,588,700	193,772,000
06/05/2018	1.46	1.47	1.40	1.45	12,427,500	195,833,000
06/04/2018	1.55	1.56	1.41	1.45	16,596,700	208,460,000
06/03/2018	1.54	1.58	1.53	1.55	19,258,400	205,933,000
06/02/2018	1.52	1.65	1.51	1.54	24,827,600	203,637,000
06/01/2018	1.33	1.54	1.33	1.51	24,417,200	178,748,000
05/31/2018	1.23	1.38	1.23	1.33	15,714,900	165,050,000
05/30/2018	1.26	1.29	1.21	1.23	13,972,000	168,391,000
05/29/2018	1.17	1.28	1.16	1.26	15,163,100	157,397,000
05/28/2018	1.29	1.31	1.16	1.17	14,453,600	173,107,000
05/27/2018	1.31	1.31	1.28	1.29	13,004,200	175,045,000
05/26/2018	1.37	1.39	1.30	1.30	15,249,700	183,431,000
05/25/2018	1.47	1.49	1.33	1.37	18,430,900	197,442,000
05/24/2018	1.38	1.48	1.35	1.47	15,964,500	185,127,000
05/23/2018	1.61	1.61	1.34	1.39	16,570,100	215,296,000
05/22/2018	1.77	1.77	1.61	1.61	17,057,000	237,199,000
05/21/2018	1.89	1.89	1.76	1.77	18,836,800	253,605,000
05/20/2018	1.81	1.91	1.79	1.89	18,954,000	242,856,000
05/19/2018	1.80	1.86	1.78	1.81	19,479,400	241,061,000
05/18/2018	1.82	1.83	1.74	1.80	18,822,000	243,619,000
05/17/2018	1.91	1.99	1.81	1.82	19,886,300	256,263,000
05/16/2018	2.00	2.01	1.88	1.91	23,301,700	267,615,000
05/15/2018	2.20	2.34	1.98	1.99	30,701,400	294,801,000
05/14/2018	2.09	2.25	1.95	2.20	31,662,200	280,809,000
05/13/2018	2.08	2.16	2.05	2.10	31,141,300	279,527,000
05/12/2018	1.98	2.09	1.79	2.09	30,203,900	265,598,000
05/11/2018	2.21	2.23	1.94	1.98	35,688,500	297,006,000
05/10/2018	2.27	2.62	2.20	2.22	61,775,700	304,401,000
05/09/2018	2.26	2.32	2.07	2.26	29,776,100	303,036,000
05/08/2018	2.35	2.38	2.19	2.26	27,067,100	314,999,000
05/07/2018	2.30	2.40	2.12	2.34	25,949,300	308,450,000
05/06/2018	2.46	2.46	2.26	2.30	21,862,100	329,691,000
05/05/2018	2.51	2.60	2.43	2.46	22,520,600	336,601,000
05/04/2018	2.58	2.58	2.42	2.50	25,323,000	346,280,000
05/03/2018	2.64	2.64	2.54	2.58	18,637,100	354,109,000
05/02/2018	2.60	2.66	2.59	2.65	15,831,700	348,576,000
05/01/2018	2.65	2.65	2.47	2.60	18,810,100	355,374,000
04/30/2018	2.77	2.90	2.63	2.64	38,829,400	371,398,000
04/29/2018	2.84	2.87	2.57	2.77	51,099,000	380,840,000
04/28/2018	2.66	2.88	2.63	2.88	37,580,100	356,531,000
04/27/2018	2.62	3.09	2.60	2.65	116,505,000	351,340,000
04/26/2018	2.02	3.38	2.00	2.61	154,904,000	270,871,000
04/25/2018	2.17	2.18	1.74	1.99	16,136,800	290,432,000
04/24/2018	1.93	2.28	1.93	2.18	28,562,900	258,963,000
04/23/2018	1.70	1.93	1.69	1.93	19,392,700	227,421,000
04/22/2018	1.64	1.71	1.60	1.70	11,912,800	219,348,000
04/21/2018	1.67	1.73	1.52	1.64	11,817,400	223,994,000
04/20/2018	1.58	1.68	1.55	1.67	14,215,300	211,596,000
04/19/2018	1.52	1.58	1.46	1.58	16,698,100	204,133,000
04/18/2018	1.39	1.52	1.39	1.52	13,888,000	186,047,000
04/17/2018	1.40	1.44	1.37	1.39	12,960,400	187,471,000
04/16/2018	1.38	1.41	1.30	1.40	14,243,500	184,536,000
04/15/2018	1.33	1.39	1.30	1.37	12,089,200	178,771,000
04/14/2018	1.31	1.36	1.25	1.33	12,672,600	175,487,000
04/13/2018	1.26	1.35	1.24	1.32	11,943,600	169,108,000
04/12/2018	1.11	1.26	1.10	1.26	11,925,600	148,690,000
04/11/2018	1.04	1.11	1.04	1.11	10,281,600	140,088,000
04/10/2018	0.992221	1.06	0.955913	1.04	8,456,530	133,089,000
04/09/2018	0.996771	1.08	0.947033	0.992091	6,345,480	133,700,000
04/08/2018	0.986198	1.04	0.982967	0.993970	5,081,520	132,281,000
04/07/2018	0.879750	1.01	0.878929	0.985446	5,279,040	118,003,000
04/06/2018	0.892562	0.906889	0.860872	0.878587	4,010,810	119,722,000
04/05/2018	0.909278	0.917749	0.858084	0.896583	4,723,050	121,964,000
04/04/2018	1.05	1.05	0.899190	0.907575	4,364,490	140,903,000
04/03/2018	0.971803	1.05	0.964570	1.05	4,721,080	130,351,000
04/02/2018	0.937127	1.01	0.928823	0.974279	4,495,100	125,699,000
04/01/2018	0.998562	1.01	0.896004	0.932025	4,787,510	133,940,000
03/31/2018	1.02	1.07	0.987655	0.998471	4,617,870	137,260,000
03/30/2018	0.990379	1.07	0.939145	1.02	3,843,440	132,842,000
03/29/2018	1.19	1.20	0.966436	0.995015	5,216,290	160,001,000
03/28/2018	1.17	1.24	1.16	1.19	5,456,790	157,206,000
03/27/2018	1.22	1.23	1.14	1.17	4,236,870	163,730,000
03/26/2018	1.38	1.38	1.16	1.23	8,545,780	184,553,000
03/25/2018	1.43	1.48	1.37	1.38	7,518,250	191,389,000
03/24/2018	1.37	1.54	1.31	1.44	10,285,100	183,364,000
03/23/2018	1.29	1.35	1.15	1.35	6,839,930	172,790,000
03/22/2018	1.32	1.43	1.25	1.29	5,362,740	177,080,000
03/21/2018	1.26	1.46	1.25	1.32	8,149,520	169,346,000
03/20/2018	1.15	1.30	1.13	1.26	8,346,810	153,979,000
03/19/2018	0.990434	1.14	0.979870	1.14	5,494,960	132,850,000
03/18/2018	1.03	1.03	0.813034	0.995171	4,480,290	137,722,000
03/17/2018	1.11	1.13	1.02	1.03	3,591,130	149,201,000
03/16/2018	1.12	1.15	1.07	1.11	4,321,180	150,011,000
03/15/2018	1.13	1.14	1.00	1.12	5,164,800	151,217,000
03/14/2018	1.29	1.36	1.12	1.13	5,668,850	172,478,000
03/13/2018	1.25	1.52	1.24	1.28	6,610,550	167,987,000
03/12/2018	1.31	1.39	1.23	1.26	4,417,600	175,120,000
03/11/2018	1.21	1.33	1.16	1.31	5,228,620	162,314,000
03/10/2018	1.30	1.36	1.21	1.22	5,126,940	174,455,000
03/09/2018	1.37	1.38	1.13	1.29	4,859,010	183,843,000
03/08/2018	1.52	1.54	1.37	1.38	3,250,810	203,803,000
03/07/2018	1.75	1.84	1.42	1.52	6,734,160	234,822,000
03/06/2018	2.01	2.09	1.74	1.75	8,111,770	269,240,000
03/05/2018	1.83	2.16	1.82	2.02	17,030,600	245,216,000
03/04/2018	1.82	1.86	1.77	1.83	5,308,880	243,609,000
03/03/2018	1.81	1.82	1.75	1.82	5,753,160	243,173,000
03/02/2018	1.89	1.91	1.79	1.82	5,090,810	253,003,000
03/01/2018	1.73	1.94	1.72	1.89	3,383,640	231,807,000
02/28/2018	1.99	2.00	1.73	1.73	3,686,690	266,567,000
02/27/2018	2.01	2.04	1.94	2.01	3,529,410	270,244,000
02/26/2018	1.95	2.09	1.91	2.02	2,570,910	261,901,000
02/25/2018	1.98	2.00	1.89	1.95	2,605,200	265,833,000
02/24/2018	2.13	2.18	1.93	1.98	3,204,390	286,018,000
02/23/2018	2.08	2.22	2.02	2.14	3,038,190	278,768,000
02/22/2018	2.17	2.38	2.06	2.07	4,092,330	291,399,000
02/21/2018	2.28	2.54	2.11	2.16	7,569,490	305,871,000
02/20/2018	2.59	2.61	2.23	2.27	6,848,230	347,377,000
02/19/2018	2.57	2.66	2.56	2.58	4,760,120	344,490,000
02/18/2018	2.92	2.92	2.57	2.58	5,362,450	391,987,000
02/17/2018	2.93	2.96	2.83	2.92	6,526,550	392,882,000
02/16/2018	2.74	2.99	2.74	2.93	6,878,010	367,724,000
02/15/2018	2.70	2.82	2.56	2.76	10,666,700	361,966,000
02/14/2018	2.63	2.79	2.62	2.70	9,502,420	353,425,000
02/13/2018	2.82	2.87	2.58	2.64	11,222,400	377,790,000
02/12/2018	2.82	3.03	2.78	2.83	10,051,900	377,801,000
02/11/2018	3.20	3.20	2.79	2.79	10,079,100	429,807,000
02/10/2018	3.36	3.55	3.04	3.21	10,380,200	450,627,000
02/09/2018	3.10	3.41	2.93	3.39	3,555,750	416,052,000
02/08/2018	2.80	3.24	2.80	3.10	6,316,880	375,791,000
02/07/2018	3.06	3.36	2.80	2.80	6,382,420	410,367,000
02/06/2018	2.58	3.13	2.04	3.07	11,161,400	345,984,000
02/05/2018	3.31	3.37	2.42	2.58	7,429,440	443,875,000
02/04/2018	3.89	4.06	3.14	3.35	11,530,400	521,605,000
02/03/2018	3.43	3.92	3.11	3.89	8,116,920	460,091,000
02/02/2018	3.54	3.65	2.70	3.42	12,133,700	474,310,000
02/01/2018	4.09	4.36	3.26	3.54	16,993,000	549,124,000
01/31/2018	3.66	4.33	3.33	4.11	24,615,000	491,458,000
01/30/2018	3.96	4.21	3.46	3.60	18,877,600	531,263,000
01/29/2018	3.93	4.04	3.61	3.94	28,884,900	526,492,000
01/28/2018	3.80	4.08	3.78	3.93	19,506,000	509,491,000
01/27/2018	3.76	4.12	3.67	3.79	14,706,400	504,560,000
01/26/2018	3.39	3.76	3.19	3.76	25,988,700	454,976,000
01/25/2018	3.41	3.67	3.33	3.40	43,859,700	457,994,000
01/24/2018	3.38	3.54	3.25	3.36	37,875,300	452,869,000
01/23/2018	3.46	3.53	2.97	3.37	34,745,900	464,485,000
01/22/2018	3.67	4.08	3.10	3.46	39,804,000	492,218,000
01/21/2018	4.44	4.44	3.49	3.63	43,106,800	595,237,000
01/20/2018	4.05	4.67	4.05	4.44	36,904,700	543,672,000
01/19/2018	3.22	4.36	3.14	4.01	55,232,300	432,118,000
01/18/2018	3.21	3.52	2.88	3.25	25,672,400	431,197,000
01/17/2018	3.42	3.48	2.30	3.19	21,311,900	458,356,000
01/16/2018	4.64	4.64	2.78	3.44	25,537,400	622,180,000
01/15/2018	4.17	5.13	4.12	4.65	34,848,700	559,132,000
01/14/2018	4.50	4.59	3.98	4.18	20,195,300	603,921,000
01/13/2018	4.63	4.69	4.44	4.49	25,910,900	620,675,000
01/12/2018	4.20	4.84	4.00	4.63	22,352,600	562,806,000
01/11/2018	5.17	5.24	3.89	4.20	20,044,800	693,617,000
01/10/2018	5.69	5.72	4.52	5.20	26,237,500	762,549,000
01/09/2018	4.82	6.00	4.77	5.74	37,437,600	646,479,000
01/08/2018	5.08	5.72	3.87	4.80	41,314,100	681,871,000
01/07/2018	3.97	5.32	3.97	5.10	61,758,700	532,028,000
01/06/2018	3.17	3.98	3.14	3.98	34,950,900	425,567,000
01/05/2018	3.36	3.75	3.03	3.17	31,078,100	450,247,000
01/04/2018	3.59	3.60	3.13	3.41	23,788,600	481,817,000
01/03/2018	3.42	3.63	3.05	3.59	24,648,600	458,889,000
01/02/2018	3.08	3.63	3.06	3.42	27,472,100	412,475,000
01/01/2018	2.62	3.17	2.57	3.06	22,476,900	351,759,000
12/31/2017	2.23	2.64	2.22	2.62	14,615,300	298,681,000
12/30/2017	2.49	2.49	2.12	2.25	10,866,200	334,477,000
12/29/2017	2.44	2.51	2.27	2.51	10,801,600	326,988,000
12/28/2017	2.39	2.45	2.17	2.42	11,990,700	321,090,000
12/27/2017	2.52	2.55	2.30	2.40	10,329,300	338,676,000
12/26/2017	2.41	2.72	2.35	2.52	12,686,800	323,811,000
12/25/2017	2.37	2.68	2.33	2.41	12,568,500	318,226,000
12/24/2017	2.25	2.37	1.97	2.37	11,938,200	302,230,000
12/23/2017	2.12	2.50	2.06	2.25	11,332,800	284,090,000
12/22/2017	2.56	2.61	1.65	2.15	13,412,200	342,930,000
12/21/2017	2.61	2.81	2.42	2.59	16,736,300	349,610,000
12/20/2017	2.76	2.86	2.41	2.61	17,779,200	370,458,000
12/19/2017	2.90	3.10	2.48	2.72	25,007,500	388,760,000
12/18/2017	2.29	2.89	2.15	2.88	28,833,800	307,787,000
12/17/2017	1.74	2.56	1.72	2.28	24,405,200	232,920,000
12/16/2017	1.59	1.77	1.59	1.73	11,477,300	213,736,000
12/15/2017	1.67	1.75	1.39	1.58	12,895,600	223,367,000
12/14/2017	1.29	1.78	1.29	1.66	20,394,800	173,331,000
12/13/2017	1.32	1.40	1.22	1.29	10,077,300	176,673,000
12/12/2017	1.29	1.40	1.19	1.32	12,071,700	172,363,000
12/11/2017	1.21	1.37	1.21	1.28	12,061,600	162,714,000
12/10/2017	1.32	1.36	1.17	1.22	11,857,300	176,624,000
12/09/2017	1.34	1.42	1.25	1.31	11,555,400	179,294,000
12/08/2017	1.30	1.38	1.17	1.34	15,028,900	174,622,000
12/07/2017	1.51	1.62	1.26	1.30	17,081,800	202,709,000
12/06/2017	1.53	1.60	1.30	1.52	18,240,500	204,563,000
12/05/2017	1.29	1.56	1.26	1.53	21,937,700	173,080,000
12/04/2017	1.16	1.39	1.16	1.29	17,105,500	155,822,000
12/03/2017	1.09	1.31	1.08	1.16	14,703,900	146,838,000
12/02/2017	1.10	1.13	1.05	1.08	6,350,120	147,882,000
12/01/2017	1.09	1.11	1.02	1.10	5,718,590	146,004,000
11/30/2017	1.06	1.12	0.966658	1.09	6,932,710	141,810,000
11/29/2017	1.19	1.24	0.984371	1.04	7,987,200	160,282,000
11/28/2017	1.25	1.27	1.18	1.19	6,956,870	167,139,000
11/27/2017	1.34	1.34	1.23	1.25	7,203,350	180,129,000
11/26/2017	1.13	1.41	1.13	1.34	8,519,500	150,965,000
11/25/2017	1.10	1.15	1.09	1.13	4,326,530	147,403,000
11/24/2017	1.10	1.13	1.03	1.10	3,881,350	147,208,000
11/23/2017	1.11	1.13	1.08	1.09	3,389,830	149,478,000
11/22/2017	1.08	1.13	1.07	1.11	2,462,030	144,697,000
11/21/2017	1.10	1.11	1.06	1.08	2,273,720	146,934,000
11/20/2017	1.11	1.13	1.09	1.10	2,329,790	148,571,000
11/19/2017	1.12	1.16	1.10	1.11	1,865,000	149,694,000
11/18/2017	1.07	1.13	1.07	1.13	2,322,650	143,704,000
11/17/2017	1.10	1.13	1.06	1.08	2,472,740	146,901,000
11/16/2017	1.06	1.10	1.04	1.09	2,711,870	142,054,000
11/15/2017	1.10	1.11	1.05	1.05	2,040,950	146,985,000
11/14/2017	1.10	1.13	1.07	1.09	2,103,320	147,259,000
11/13/2017	1.03	1.16	1.03	1.10	2,533,900	138,259,000
11/12/2017	1.15	1.15	1.01	1.03	4,044,360	154,734,000
11/11/2017	1.18	1.26	1.14	1.16	3,341,260	158,005,000
11/10/2017	1.16	1.28	1.12	1.19	4,331,320	156,232,000
11/09/2017	1.08	1.17	1.07	1.16	3,713,980	145,512,000
11/08/2017	1.02	1.11	1.01	1.10	3,162,230	136,394,000
11/07/2017	0.977155	1.02	0.968491	1.01	1,827,370	131,068,000
11/06/2017	0.987037	1.01	0.968645	0.975155	1,641,020	132,394,000
11/05/2017	1.05	1.05	0.977584	0.992220	1,471,530	140,524,000
11/04/2017	0.991559	1.06	0.968152	1.05	2,074,870	133,000,000
11/03/2017	0.954365	1.07	0.943979	0.994894	3,303,530	128,011,000
11/02/2017	0.976271	0.976271	0.923113	0.955285	2,677,130	130,950,000
11/01/2017	0.949209	1.09	0.935429	0.969523	4,692,730	127,320,000
10/31/2017	0.985966	1.01	0.947389	0.952349	1,840,830	132,250,000
10/30/2017	0.970894	0.999891	0.963641	0.988590	1,764,840	130,229,000
10/29/2017	0.940198	1.01	0.935279	0.974032	1,598,860	126,111,000
10/28/2017	1.01	1.02	0.931122	0.938338	1,458,920	135,186,000
10/27/2017	1.05	1.06	0.999185	1.01	1,480,770	140,364,000
10/26/2017	1.09	1.09	1.03	1.05	1,273,230	145,662,000
10/25/2017	1.07	1.09	1.02	1.08	1,806,630	143,240,000
10/24/2017	0.958708	1.16	0.928185	1.06	2,674,010	128,594,000
10/23/2017	1.03	1.03	0.886744	0.959859	1,818,730	137,817,000
10/22/2017	1.04	1.07	1.01	1.03	1,008,560	138,967,000
10/21/2017	1.04	1.06	0.993162	1.03	1,222,700	139,223,000
10/20/2017	1.10	1.12	1.05	1.05	1,750,820	147,755,000
10/19/2017	1.18	1.23	1.09	1.11	1,718,040	157,638,000
10/18/2017	1.09	1.19	1.02	1.17	2,117,500	145,975,000
10/17/2017	1.12	1.14	1.06	1.09	1,584,850	155,015,000
10/16/2017	1.13	1.19	1.10	1.12	1,708,690	156,550,000
10/15/2017	1.20	1.23	1.11	1.12	1,581,870	165,467,000
10/14/2017	1.13	1.26	1.12	1.19	1,665,910	156,511,000
10/13/2017	1.21	1.25	1.11	1.14	3,801,870	167,655,000
10/12/2017	1.36	1.38	1.20	1.21	3,191,600	187,762,000
10/11/2017	1.41	1.45	1.33	1.35	2,490,110	194,220,000
10/10/2017	1.32	1.51	1.28	1.41	3,865,780	182,709,000
10/09/2017	1.49	1.60	1.25	1.34	4,111,030	205,720,000
10/08/2017	1.74	1.74	1.47	1.49	3,154,360	239,711,000
10/07/2017	1.69	1.81	1.68	1.73	3,343,770	232,691,000
10/06/2017	1.71	1.71	1.58	1.68	3,614,010	236,075,000
10/05/2017	1.69	1.73	1.65	1.71	2,388,130	233,811,000
10/04/2017	1.74	1.77	1.67	1.69	2,997,490	239,513,000
10/03/2017	1.88	1.90	1.68	1.74	4,315,990	260,007,000
10/02/2017	2.16	2.16	1.86	1.88	5,359,390	297,983,000
10/01/2017	1.78	2.23	1.76	2.15	9,558,870	245,657,000
09/30/2017	1.75	1.79	1.71	1.78	2,964,430	241,157,000
09/29/2017	1.74	1.83	1.57	1.75	5,894,070	239,539,000
09/28/2017	1.75	1.80	1.58	1.75	6,194,970	241,833,000
09/27/2017	1.88	1.95	1.37	1.75	13,061,200	259,508,000
09/26/2017	2.39	2.46	1.75	1.86	17,221,400	329,963,000
09/25/2017	1.85	2.57	1.84	2.37	20,214,300	255,726,000
09/24/2017	1.85	1.89	1.58	1.85	16,343,900	255,074,000
