Date	Open	High	Low	Close	Volume	Market Cap
07/15/2018	0.029952	0.040815	0.029806	0.032459	12,365	314,195
07/14/2018	0.042309	0.052407	0.028972	0.029966	6,335	443,824
07/13/2018	0.037007	0.042418	0.033183	0.042316	2,970	388,199
07/12/2018	0.042171	0.042171	0.034169	0.036956	5,107	442,375
07/11/2018	0.045879	0.048543	0.040389	0.042176	3,433	481,265
07/10/2018	0.049932	0.050071	0.040351	0.045877	5,695	523,790
07/09/2018	0.045280	0.051007	0.041849	0.049968	20,787	474,983
07/08/2018	0.045563	0.046142	0.042709	0.045289	5,103	477,959
07/07/2018	0.048953	0.054813	0.042426	0.045563	1,999	513,513
07/06/2018	0.049150	0.059849	0.042237	0.049008	4,597	515,581
07/05/2018	0.052466	0.064133	0.038044	0.049165	3,159	550,366
07/04/2018	0.042703	0.053542	0.040399	0.052327	10,864	447,958
07/03/2018	0.045964	0.056773	0.042365	0.042711	6,804	482,159
07/02/2018	0.039843	0.052190	0.039422	0.046488	11,225	417,952
07/01/2018	0.046572	0.060416	0.037545	0.043209	3,177	488,543
06/30/2018	0.041580	0.047195	0.037770	0.046543	6,581	436,177
06/29/2018	0.043617	0.047370	0.035139	0.041527	9,069	457,547
06/28/2018	0.037207	0.051498	0.037207	0.043596	3,637	390,301
06/27/2018	0.038180	0.044676	0.036638	0.037187	4,641	400,507
06/26/2018	0.039586	0.048011	0.035472	0.038196	23,077	415,255
06/25/2018	0.043308	0.044134	0.034290	0.039586	12,868	454,300
06/24/2018	0.059616	0.059788	0.036569	0.043406	7,481	625,376
06/23/2018	0.054851	0.064860	0.041594	0.059631	4,377	575,390
06/22/2018	0.046414	0.057506	0.045201	0.054833	10,413	486,886
06/21/2018	0.059212	0.060474	0.045847	0.046458	7,515	621,135
06/20/2018	0.052461	0.059613	0.046109	0.059217	12,314	550,311
06/19/2018	0.050386	0.058210	0.048400	0.052428	23,709	528,549
06/18/2018	0.059660	0.066924	0.049578	0.050413	5,364	625,832
06/17/2018	0.051251	0.060473	0.048004	0.059784	11,326	537,626
06/16/2018	0.051243	0.054100	0.048850	0.051126	9,928	537,536
06/15/2018	0.057998	0.058066	0.047497	0.051427	23,661	608,394
06/14/2018	0.050402	0.058147	0.050301	0.058088	10,833	528,716
06/13/2018	0.057848	0.057848	0.048334	0.050419	10,056	606,821
06/12/2018	0.059446	0.059885	0.054820	0.057694	14,300	623,592
06/11/2018	0.058353	0.059789	0.055275	0.059475	15,377	612,124
06/10/2018	0.061745	0.064751	0.055543	0.058268	6,417	647,700
06/09/2018	0.073828	0.074635	0.061664	0.061664	11,366	774,456
06/08/2018	0.068825	0.077865	0.064467	0.073848	10,557	721,973
06/07/2018	0.075329	0.076539	0.064788	0.068767	13,725	790,204
06/06/2018	0.069575	0.077469	0.065127	0.075277	33,680	729,845
06/05/2018	0.066248	0.075420	0.066004	0.069601	20,442	694,940
06/04/2018	0.065776	0.076388	0.061544	0.066216	47,838	689,992
06/03/2018	0.072051	0.076604	0.062261	0.062365	17,970	755,816
06/02/2018	0.068188	0.077080	0.062247	0.072033	22,124	715,290
06/01/2018	0.062481	0.068859	0.055317	0.068217	24,409	655,426
05/31/2018	0.063007	0.067391	0.057477	0.062449	43,572	660,944
05/30/2018	0.064648	0.067651	0.055505	0.062066	30,606	678,158
05/29/2018	0.064920	0.069081	0.060366	0.064613	29,103	681,015
05/28/2018	0.065973	0.068571	0.061458	0.064940	26,301	692,058
05/27/2018	0.069497	0.069713	0.065910	0.065958	7,183	729,025
05/26/2018	0.067318	0.075950	0.066561	0.069471	38,547	706,165
05/25/2018	0.068625	0.070965	0.065581	0.067406	20,682	719,874
05/24/2018	0.075195	0.076987	0.064903	0.068496	46,181	788,799
05/23/2018	0.083055	0.083141	0.073517	0.075386	37,458	871,248
05/22/2018	0.088382	0.088640	0.083061	0.083143	30,256	927,125
05/21/2018	0.090301	0.093026	0.088398	0.088398	24,600	947,254
05/20/2018	0.085593	0.092915	0.085313	0.090193	45,439	897,865
05/19/2018	0.086338	0.088720	0.079364	0.085529	48,644	905,690
05/18/2018	0.083974	0.087877	0.078508	0.086352	42,431	880,887
05/17/2018	0.097866	0.098565	0.081858	0.083908	55,256	1,026,620
05/16/2018	0.102077	0.108160	0.077733	0.097801	144,148	1,070,780
05/15/2018	0.068250	0.114972	0.066315	0.101928	164,529	715,941
05/14/2018	0.077135	0.077298	0.065991	0.068367	47,899	809,142
05/13/2018	0.076753	0.079560	0.074472	0.077149	38,733	805,142
05/12/2018	0.082461	0.086186	0.071747	0.076771	95,475	865,011
05/11/2018	0.090965	0.091210	0.082197	0.082703	51,205	954,224
05/10/2018	0.097108	0.099060	0.090769	0.090856	73,894	1,018,660
05/09/2018	0.097656	0.099805	0.093859	0.097135	60,036	1,024,410
05/08/2018	0.098883	0.102374	0.094688	0.097804	81,088	1,037,280
05/07/2018	0.110658	0.110712	0.094345	0.098675	63,396	1,160,800
05/06/2018	0.115334	0.117646	0.106426	0.110585	61,494	1,209,850
05/05/2018	0.113910	0.121106	0.110899	0.115260	90,154	1,194,920
05/04/2018	0.132962	0.132962	0.108250	0.113962	139,989	1,394,780
05/03/2018	0.134016	0.135203	0.124702	0.133013	64,915	1,405,830
05/02/2018	0.123155	0.141925	0.122273	0.134011	103,593	1,291,900
05/01/2018	0.125829	0.127443	0.117033	0.123341	73,019	1,319,950
04/30/2018	0.128208	0.134104	0.123628	0.125722	64,728	1,344,900
04/29/2018	0.121971	0.131865	0.120579	0.128249	84,564	1,279,470
04/28/2018	0.129136	0.133329	0.121832	0.122019	91,859	1,354,640
04/27/2018	0.136539	0.142052	0.124598	0.129580	119,112	1,432,300
04/26/2018	0.133747	0.139688	0.123046	0.136354	121,813	1,403,000
04/25/2018	0.154055	0.160082	0.119889	0.132658	191,366	1,616,040
04/24/2018	0.150928	0.161496	0.150860	0.155108	177,375	1,583,230
04/23/2018	0.149466	0.158826	0.146637	0.150799	129,259	1,567,900
04/22/2018	0.157849	0.163116	0.149582	0.149766	101,172	1,655,830
04/21/2018	0.160955	0.164316	0.149270	0.157842	146,015	1,688,420
04/20/2018	0.127736	0.176886	0.096483	0.160893	569,239	1,339,960
04/19/2018	0.163586	0.164802	0.110993	0.124608	322,636	1,716,020
04/18/2018	0.161351	0.168161	0.153441	0.163465	144,374	1,692,570
04/17/2018	0.165220	0.169316	0.159030	0.161202	135,870	1,733,160
04/16/2018	0.171384	0.175103	0.153892	0.165136	135,391	1,797,820
04/15/2018	0.161360	0.182937	0.159261	0.171456	245,603	1,692,670
04/14/2018	0.172001	0.192681	0.146914	0.161189	307,563	1,804,290
04/13/2018	0.185950	0.204538	0.171822	0.171988	308,037	1,950,620
04/12/2018	0.172235	0.194215	0.160633	0.185719	390,038	1,806,750
04/11/2018	0.199520	0.205567	0.145807	0.172307	534,977	2,092,960
04/10/2018	0.194029	0.212334	0.190758	0.199331	320,994	2,035,360
04/09/2018	0.201674	0.282566	0.160125	0.193871	1,534,560	2,115,560
04/08/2018	0.116495	0.254067	0.116495	0.201352	1,466,950	1,222,030
04/07/2018	0.103221	0.124111	0.099186	0.116356	572,624	1,082,780
04/06/2018	0.068604	0.135898	0.064161	0.105923	926,443	719,656
04/05/2018	0.071195	0.078987	0.041905	0.068953	767,942	746,838
04/04/2018	0.200729	0.241286	0.068789	0.071167	858,477	2,105,650
04/03/2018	0.240013	0.252498	0.187245	0.200865	361,139	2,517,740
04/02/2018	0.279358	0.297591	0.212679	0.244823	355,778	2,930,460
04/01/2018	0.291776	0.296841	0.254819	0.277991	273,607	3,060,730
03/31/2018	0.275283	0.313125	0.275283	0.291786	206,866	2,887,720
03/30/2018	0.282537	0.332467	0.259747	0.275244	330,253	2,963,820
03/29/2018	0.263843	0.290731	0.243999	0.283237	237,413	2,767,710
03/28/2018	0.319671	0.325680	0.213404	0.263534	405,693	3,353,350
03/27/2018	0.340324	0.346382	0.319336	0.319744	209,060	3,570,000
03/26/2018	0.359509	0.375910	0.325748	0.340838	170,848	3,771,250
03/25/2018	0.354367	0.387021	0.354315	0.359783	214,955	3,717,310
03/24/2018	0.386857	0.411404	0.359199	0.359287	197,937	4,058,130
03/23/2018	0.386566	0.396318	0.351268	0.381331	254,400	4,055,070
03/22/2018	0.419553	0.436044	0.380407	0.386575	214,245	4,401,110
03/21/2018	0.424216	0.446182	0.406797	0.420308	262,415	4,450,020
03/20/2018	0.411874	0.428675	0.391963	0.423446	170,896	4,320,560
03/19/2018	0.411633	0.428240	0.374838	0.412605	263,730	4,318,030
03/18/2018	0.386009	0.414405	0.339444	0.413360	202,029	4,049,240
03/17/2018	0.406031	0.418390	0.381837	0.386947	204,546	4,259,270
03/16/2018	0.409107	0.421188	0.385508	0.405370	180,448	4,291,530
03/15/2018	0.406982	0.424985	0.379239	0.409339	391,258	4,269,250
03/14/2018	0.456621	0.466953	0.396652	0.407162	210,330	4,789,950
03/13/2018	0.448967	0.468610	0.440476	0.456561	137,696	4,709,670
03/12/2018	0.475691	0.494855	0.440140	0.451458	167,738	4,989,990
03/11/2018	0.442879	0.489599	0.428299	0.477183	194,870	4,645,800
03/10/2018	0.470581	0.482870	0.438565	0.444368	150,230	4,936,390
03/09/2018	0.464016	0.472781	0.414358	0.470290	204,113	4,867,530
03/08/2018	0.499688	0.527196	0.451556	0.466960	224,062	5,241,720
03/07/2018	0.555592	0.572777	0.477632	0.497068	334,746	5,828,160
03/06/2018	0.600144	0.600144	0.545928	0.556312	235,976	6,295,510
03/05/2018	0.600707	0.617385	0.587887	0.601797	322,569	6,301,410
03/04/2018	0.588645	0.601135	0.567094	0.601135	192,911	6,174,880
03/03/2018	0.562283	0.602571	0.562031	0.589652	264,538	5,898,350
03/02/2018	0.548175	0.571888	0.546795	0.562966	217,863	5,750,360
03/01/2018	0.531006	0.559940	0.517502	0.549572	163,939	5,570,250
02/28/2018	0.541292	0.555750	0.497948	0.530242	246,750	5,678,150
02/27/2018	0.525548	0.559219	0.514266	0.541925	319,615	5,513,000
02/26/2018	0.482248	0.533614	0.478562	0.524063	150,867	5,058,780
02/25/2018	0.495377	0.509962	0.472359	0.481654	255,470	5,196,500
02/24/2018	0.520403	0.543515	0.484210	0.496112	147,337	5,459,030
02/23/2018	0.502914	0.542237	0.456474	0.521058	306,277	5,275,570
02/22/2018	0.540938	0.566704	0.499440	0.503384	248,240	5,674,440
02/21/2018	0.579865	0.602945	0.532229	0.541479	294,624	6,082,790
02/20/2018	0.613115	0.637114	0.551557	0.580582	483,225	6,431,580
02/19/2018	0.609550	0.648311	0.598677	0.612560	302,943	6,394,180
02/18/2018	0.654547	0.667108	0.591344	0.612303	235,929	6,866,200
02/17/2018	0.635404	0.688493	0.623191	0.652565	350,701	6,665,390
02/16/2018	0.582807	0.639824	0.548363	0.635544	260,851	6,113,640
02/15/2018	0.541128	0.595517	0.533811	0.585235	230,252	5,676,440
02/14/2018	0.504425	0.552327	0.501620	0.540846	107,591	5,291,420
02/13/2018	0.501881	0.527653	0.469425	0.512897	133,262	5,264,730
02/12/2018	0.472767	0.521997	0.472767	0.509515	107,135	4,959,330
02/11/2018	0.506772	0.506772	0.444491	0.469707	227,594	5,316,030
02/10/2018	0.494438	0.558942	0.487833	0.508871	209,449	5,186,650
02/09/2018	0.466580	0.538612	0.422364	0.494084	323,204	4,894,420
02/08/2018	0.420944	0.551223	0.411182	0.465175	569,609	4,415,700
02/07/2018	0.484500	0.526761	0.410229	0.422607	180,375	5,082,410
02/06/2018	0.442002	0.536744	0.340312	0.489368	1,023,130	4,636,600
02/05/2018	0.468934	0.529021	0.415163	0.441443	462,753	4,919,120
02/04/2018	0.551156	0.576097	0.456678	0.473489	204,112	5,781,630
02/03/2018	0.495010	0.844438	0.402453	0.550870	603,342	5,192,660
02/02/2018	0.401308	0.548534	0.347546	0.493351	447,822	4,209,720
02/01/2018	0.475193	0.489809	0.396744	0.404997	84,642	4,984,780
01/31/2018	0.450622	0.505499	0.425742	0.474116	125,800	4,727,020
01/30/2018	0.536658	0.560167	0.431413	0.449915	162,639	5,629,550
01/29/2018	0.587635	0.595163	0.516916	0.547679	228,906	6,164,290
01/28/2018	0.606067	0.639368	0.570794	0.588192	171,239	6,357,640
01/27/2018	0.597111	0.630899	0.580914	0.603053	105,505	6,263,700
01/26/2018	0.632961	0.679815	0.571413	0.602019	140,889	6,639,760
01/25/2018	0.611182	0.679117	0.601056	0.636529	229,390	6,411,300
01/24/2018	0.608502	0.614197	0.557756	0.608937	234,791	6,383,190
01/23/2018	0.629811	0.649976	0.576393	0.608903	231,004	6,606,710
01/22/2018	0.673670	0.717608	0.597744	0.631505	214,405	7,066,800
01/21/2018	0.824356	0.824356	0.618362	0.665005	581,163	8,647,500
01/20/2018	0.605258	0.887796	0.554019	0.822463	1,132,970	6,349,150
01/19/2018	0.451227	0.668749	0.443962	0.592482	205,206	4,733,380
01/18/2018	0.504519	0.520454	0.439236	0.455871	183,811	5,292,400
01/17/2018	0.481274	0.511849	0.391723	0.502710	74,102	5,048,560
01/16/2018	0.637310	0.639869	0.428225	0.483712	203,617	6,685,380
01/15/2018	0.664977	0.679010	0.632616	0.636546	66,513	6,975,600
01/14/2018	0.680831	0.694382	0.609413	0.669751	161,480	7,141,920
01/13/2018	0.604353	0.731852	0.604353	0.680388	351,683	6,339,660
01/12/2018	0.569560	0.623889	0.553877	0.605046	145,891	5,974,680
01/11/2018	0.626020	0.634892	0.551339	0.560209	70,933	6,566,950
01/10/2018	0.631400	0.634441	0.563320	0.626566	129,820	6,623,390
01/09/2018	0.633373	0.668205	0.600866	0.630620	101,806	6,644,080
01/08/2018	0.697987	0.697987	0.594255	0.625173	170,608	7,321,880
01/07/2018	0.700210	0.727416	0.656898	0.692052	117,922	7,345,200
01/06/2018	0.712644	0.720289	0.646799	0.700729	202,849	7,475,630
01/05/2018	0.631989	0.725074	0.626430	0.712195	130,102	6,629,570
01/04/2018	0.688047	0.714598	0.607831	0.631863	182,953	7,217,620
01/03/2018	0.631483	0.896831	0.607583	0.684334	180,815	6,624,260
01/02/2018	0.576237	0.639115	0.547427	0.633506	152,634	6,044,720
01/01/2018	0.596213	0.616960	0.545271	0.576237	112,412	6,254,280
12/31/2017	0.545625	0.605050	0.537319	0.594208	71,414	5,723,610
12/30/2017	0.595899	0.614154	0.527123	0.551351	110,508	6,250,980
12/29/2017	0.595660	0.636497	0.588758	0.597306	113,509	6,248,470
12/28/2017	0.657243	0.660913	0.561556	0.589884	118,629	6,894,480
12/27/2017	0.691242	0.729317	0.626086	0.658573	143,407	7,251,130
12/26/2017	0.618224	0.723041	0.618224	0.690726	171,734	6,485,170
12/25/2017	0.775147	0.794355	0.607599	0.615581	173,221	8,131,290
12/24/2017	0.797194	0.797194	0.692450	0.767685	750,016	8,362,560
12/23/2017	0.758580	0.855441	0.750583	0.788923	786,522	7,957,510
12/22/2017	0.855526	0.864114	0.634746	0.751870	740,317	8,974,460
12/21/2017	0.904317	0.952061	0.828827	0.852692	856,824	9,486,290
12/20/2017	0.965789	0.972219	0.867029	0.902062	873,537	10,131,100
12/19/2017	0.893827	1.04	0.776551	0.966700	941,441	9,376,240
12/18/2017	1.03	1.03	0.839061	0.893127	1,360,340	10,795,300
12/17/2017	1.19	1.22	0.984859	1.01	1,745,670	12,466,700
12/16/2017	1.18	1.27	1.17	1.18	637,347	12,409,700
12/15/2017	1.15	1.22	1.14	1.18	614,982	12,036,300
12/14/2017	1.04	1.29	1.02	1.15	1,551,720	10,925,900
12/13/2017	1.44	1.46	1.02	1.04	823,396	15,121,100
12/12/2017	1.41	1.48	1.38	1.44	826,370	14,806,300
12/11/2017	1.27	1.46	1.22	1.41	798,241	13,296,600
12/10/2017	1.13	1.33	1.01	1.29	660,036	43,464,600
12/09/2017	1.27	1.29	1.03	1.13	430,274	48,562,200
12/08/2017	1.41	1.53	1.12	1.27	1,621,570	54,172,300
12/07/2017	1.39	1.50	1.31	1.44	2,528,800	53,374,300
12/06/2017	1.37	1.44	1.23	1.40	1,806,440	52,368,700
12/05/2017	1.23	1.41	1.20	1.37	1,612,280	47,293,300
12/04/2017	0.932117	1.38	0.922743	1.23	4,522,140	35,696,000
12/03/2017	0.805254	0.972070	0.781610	0.931499	1,487,170	30,837,700
12/02/2017	0.778193	0.846176	0.702952	0.804500	1,368,940	29,801,400
12/01/2017	0.546874	0.954695	0.528098	0.777572	2,662,280	20,942,900
11/30/2017	0.510807	0.580380	0.498441	0.549536	818,008	19,561,700
11/29/2017	0.494377	0.585851	0.442051	0.503148	711,861	18,932,500
11/28/2017	0.544768	0.544768	0.445276	0.494861	721,514	20,862,200
11/27/2017	0.381716	0.570731	0.376628	0.541163	1,424,400	14,618,100
11/26/2017	0.328483	0.502399	0.311819	0.382976	758,183	12,579,500
11/25/2017	0.362651	0.378855	0.311584	0.331114	607,205	13,887,900
11/24/2017	0.364187	0.370933	0.351576	0.363358	167,246	13,946,800
11/23/2017	0.361445	0.371394	0.357266	0.364773	161,287	13,841,700
11/22/2017	0.358003	0.400440	0.327685	0.361502	175,993	13,709,900
11/21/2017	0.383825	0.401398	0.345368	0.357159	216,414	14,698,800
11/20/2017	0.429686	0.472764	0.362900	0.383763	752,238	16,455,100
11/19/2017	0.528648	0.542826	0.270313	0.373078	1,255,490	20,244,900
11/18/2017	0.476782	0.538648	0.458880	0.529617	611,216	18,258,700
11/17/2017	0.587460	0.609324	0.443288	0.483606	897,679	22,497,100
11/16/2017	0.488078	1.03	0.461647	0.588252	2,674,980	18,691,300
11/15/2017	0.254115	0.528826	0.250629	0.486011	1,762,360	9,731,490
11/14/2017	0.195388	0.315261	0.167768	0.247135	1,068,950	7,482,530
11/13/2017	0.331098	0.375707	0.182927	0.183791	1,233,080	12,679,600
11/12/2017	0.466931	0.475785	0.319586	0.330629	669,664	17,881,400
11/11/2017	0.730512	0.740216	0.393784	0.458892	1,161,340	27,975,400
11/10/2017	1.12	1.12	0.402717	0.697662	1,889,840	42,986,000
11/09/2017	1.50	1.55	0.670849	1.12	2,643,230	57,572,800
11/08/2017	1.37	1.94	1.37	1.52	1,732,550	52,524,200
11/07/2017	1.28	1.49	1.24	1.37	1,057,010	49,184,900
11/06/2017	1.39	1.50	1.22	1.29	1,276,510	53,200,400
11/05/2017	1.55	1.55	1.38	1.39	726,664	59,423,700
11/04/2017	1.53	1.65	1.48	1.55	745,549	58,765,600
11/03/2017	1.66	1.70	1.34	1.54	1,176,340	63,546,100
11/02/2017	1.78	1.80	1.62	1.66	933,702	68,223,300
11/01/2017	1.79	1.82	1.46	1.78	1,460,060	68,365,000
10/31/2017	1.80	1.88	1.61	1.79	1,192,350	68,786,600
10/30/2017	1.91	1.92	1.75	1.80	954,158	73,097,100
10/29/2017	1.89	2.14	1.77	1.92	6,814,360	72,406,400
10/28/2017	1.90	2.05	1.78	1.89	711,114	72,892,100
10/27/2017	1.96	2.03	1.85	1.90	750,387	74,870,200
10/26/2017	2.16	2.16	1.87	1.96	1,031,010	82,584,900
10/25/2017	1.71	2.21	1.63	2.16	1,686,010	65,316,200
10/24/2017	1.84	1.85	1.49	1.70	793,858	70,525,400
10/23/2017	1.89	1.97	1.76	1.85	604,452	72,556,000
10/22/2017	1.95	1.99	1.80	1.89	432,199	74,846,000
10/21/2017	2.24	2.25	1.95	1.95	885,172	85,768,200
10/20/2017	2.23	2.29	2.08	2.24	650,399	85,433,600
10/19/2017	2.18	2.29	2.09	2.23	483,628	83,630,500
10/18/2017	2.24	2.24	2.05	2.18	485,690	85,825,900
10/17/2017	2.39	2.40	2.18	2.24	476,540	91,696,600
10/16/2017	2.31	2.41	2.24	2.39	634,964	88,634,400
10/15/2017	2.37	2.38	2.18	2.31	382,880	90,788,200
10/14/2017	2.73	2.76	2.24	2.37	604,596	104,713,000
10/13/2017	2.64	2.84	2.62	2.73	725,961	101,097,000
10/12/2017	2.35	2.63	2.35	2.63	718,083	90,027,000
10/11/2017	2.39	2.48	2.30	2.35	680,180	91,398,800
10/10/2017	2.39	2.52	2.06	2.39	1,587,750	91,685,700
10/09/2017	2.64	2.65	2.27	2.44	1,486,090	101,188,000
10/08/2017	2.74	2.79	2.45	2.64	1,513,230	105,073,000
10/07/2017	2.68	2.77	2.67	2.76	664,024	102,538,000
10/06/2017	2.70	2.78	2.66	2.68	1,216,100	103,426,000
10/05/2017	2.61	2.78	2.53	2.70	1,503,660	99,849,700
10/04/2017	2.63	2.78	2.55	2.61	1,415,490	100,717,000
10/03/2017	2.53	2.71	2.48	2.62	885,266	96,827,600
10/02/2017	2.57	2.62	2.50	2.56	778,792	98,454,400
10/01/2017	2.47	2.72	2.40	2.57	1,125,720	94,681,600
09/30/2017	2.55	2.63	2.23	2.47	1,709,170	97,823,500
09/29/2017	2.72	2.72	2.55	2.55	1,063,630	104,091,000
09/28/2017	2.83	2.83	2.58	2.72	1,910,650	108,415,000
09/27/2017	2.68	2.85	2.63	2.82	2,132,380	102,692,000
09/26/2017	2.79	2.86	2.51	2.69	1,745,120	106,941,000
09/25/2017	3.13	3.29	2.31	2.84	3,626,430	119,703,000
09/24/2017	2.85	3.23	2.48	3.14	4,828,370	109,251,000
09/23/2017	1.96	2.81	1.95	2.81	3,952,970	-
09/22/2017	1.53	1.99	1.51	1.97	1,870,950	-
09/21/2017	1.62	1.84	1.51	1.54	1,230,100	-
09/20/2017	1.50	1.66	1.48	1.63	564,076	-
09/19/2017	1.46	1.66	1.20	1.51	998,167	-
09/18/2017	1.37	1.49	1.36	1.45	519,428	-
09/17/2017	1.37	1.40	1.25	1.37	316,058	-
09/16/2017	1.34	1.42	1.29	1.37	288,598	-
09/15/2017	1.19	1.41	1.11	1.34	629,075	-
09/14/2017	1.52	1.57	1.18	1.18	686,347	-
09/13/2017	1.71	1.71	1.50	1.52	339,304	158,028,000
09/12/2017	1.73	1.81	1.67	1.71	499,755	160,011,000
09/11/2017	1.80	1.89	1.68	1.73	481,562	166,950,000
09/10/2017	1.87	1.90	1.55	1.80	762,646	172,852,000
09/09/2017	1.91	1.92	1.54	1.87	1,030,310	176,759,000
09/08/2017	1.99	2.31	1.78	1.91	1,047,210	183,774,000
09/07/2017	2.59	2.65	1.88	2.07	1,716,700	239,404,000
09/06/2017	2.70	2.86	2.46	2.59	972,208	249,560,000
09/05/2017	2.75	2.77	2.36	2.69	862,989	254,745,000
09/04/2017	2.86	3.17	2.52	2.74	1,077,010	263,442,000
09/03/2017	3.07	3.93	2.62	2.87	2,654,650	279,208,000
09/02/2017	1.78	5.76	1.66	3.07	2,729,970	159,915,000
09/01/2017	1.54	1.78	1.47	1.78	968,478	136,494,000
08/31/2017	1.71	1.71	1.45	1.54	708,685	150,313,000
08/30/2017	1.57	1.72	1.54	1.71	68,161	136,629,000
08/29/2017	1.68	1.68	1.53	1.58	503,279	143,748,000
08/28/2017	1.66	1.68	1.55	1.67	398,506	140,260,000
08/27/2017	1.58	1.69	1.53	1.65	464,745	131,921,000
08/26/2017	1.66	1.67	1.46	1.58	504,803	137,191,000
08/25/2017	1.82	1.84	1.49	1.66	726,082	148,824,000
08/24/2017	1.93	1.94	1.70	1.83	677,312	154,482,000
08/23/2017	1.92	2.07	1.80	1.92	528,325	152,240,000
08/22/2017	2.00	2.00	1.70	1.93	351,339	156,622,000
08/21/2017	2.22	2.25	1.70	2.00	637,503	171,084,000
08/20/2017	2.26	2.29	2.16	2.23	322,807	172,273,000
08/19/2017	2.15	2.28	2.11	2.27	649,077	161,171,000
08/18/2017	2.22	2.29	2.09	2.15	678,009	163,667,000
08/17/2017	2.26	2.31	2.16	2.23	348,738	164,511,000
08/16/2017	2.12	2.26	1.99	2.26	386,209	152,016,000
08/15/2017	2.04	2.21	1.96	2.11	508,678	144,146,000
08/14/2017	1.99	2.07	1.88	2.03	294,516	138,809,000
08/13/2017	1.98	2.07	1.67	1.92	494,946	135,702,000
08/12/2017	1.95	2.11	1.87	1.98	418,787	130,734,000
08/11/2017	1.72	1.97	1.71	1.95	373,145	110,995,000
08/10/2017	1.82	1.92	1.67	1.72	357,104	115,405,000
08/09/2017	1.78	1.94	1.61	1.85	340,820	110,454,000
08/08/2017	2.21	2.23	1.43	1.78	519,836	133,830,000
08/07/2017	1.96	2.31	1.80	2.20	482,143	116,544,000
08/06/2017	2.50	2.52	1.96	1.96	314,435	145,725,000
08/05/2017	2.28	2.59	2.16	2.48	669,175	130,132,000
08/04/2017	2.18	2.29	2.14	2.28	558,921	122,208,000
08/03/2017	1.95	2.24	1.92	2.18	510,823	107,239,000
08/02/2017	2.05	2.11	1.92	1.95	389,759	110,704,000
08/01/2017	2.20	2.22	2.03	2.05	371,574	116,718,000
07/31/2017	2.20	2.26	1.98	2.20	453,594	114,326,000
07/30/2017	2.19	2.27	1.90	2.20	575,788	111,574,000
07/29/2017	2.27	2.27	2.10	2.19	473,424	113,105,000
07/28/2017	2.22	2.42	2.10	2.27	643,734	108,369,000
07/27/2017	2.02	2.31	1.98	2.21	561,528	96,464,300
07/26/2017	2.06	2.13	1.80	2.01	468,209	96,591,600
07/25/2017	2.28	2.34	1.91	2.06	445,736	104,280,000
07/24/2017	2.48	2.51	2.16	2.28	555,522	110,829,000
07/23/2017	2.42	3.28	2.24	2.48	893,740	105,672,000
07/22/2017	2.41	2.63	2.32	2.42	620,166	102,899,000
07/21/2017	2.24	2.88	2.11	2.41	980,037	93,568,500
07/20/2017	2.73	3.14	2.04	2.23	817,305	111,154,000
07/19/2017	2.64	3.40	2.58	2.74	703,589	104,721,000
07/18/2017	2.67	2.75	2.42	2.63	611,525	103,353,000
07/17/2017	2.18	2.67	2.18	2.66	528,488	82,072,100
07/16/2017	3.19	3.23	2.11	2.18	583,738	117,180,000
07/15/2017	3.40	3.44	3.06	3.20	463,058	121,327,000
07/14/2017	3.71	3.73	3.20	3.41	667,620	128,581,000
07/13/2017	3.69	11.59	2.68	3.71	659,860	124,143,000
07/12/2017	3.74	3.90	3.37	3.68	1,299,550	122,138,000
07/11/2017	3.83	4.22	3.59	3.76	992,678	121,220,000
07/10/2017	4.21	4.22	3.68	3.84	756,681	129,101,000
07/09/2017	4.08	4.36	3.84	4.20	841,192	120,807,000
07/08/2017	4.48	4.56	3.88	4.07	1,195,130	128,406,000
07/07/2017	4.68	4.77	4.44	4.48	944,276	129,253,000
07/06/2017	5.07	5.16	4.48	4.68	1,806,590	134,891,000
07/05/2017	5.30	5.33	4.89	5.07	2,218,870	111,647,000
07/04/2017	4.82	5.35	4.82	5.31	2,022,450	100,482,000
07/03/2017	4.73	4.91	4.70	4.83	293,238	97,732,500
07/02/2017	4.58	4.77	4.51	4.75	287,913	93,574,700
07/01/2017	4.90	5.09	4.40	4.58	283,637	99,298,600
06/30/2017	4.44	4.91	4.03	4.91	129,021	88,978,800
06/29/2017	4.85	4.97	4.43	4.43	75,687	94,854,600
06/28/2017	4.79	4.92	4.38	4.85	62,812	88,854,300
06/27/2017	4.71	4.76	4.22	4.76	101,195	82,178,400
06/26/2017	4.73	4.90	4.49	4.60	137,495	78,280,000
06/25/2017	5.01	5.01	4.47	4.74	132,201	77,778,200
06/24/2017	5.23	5.45	4.40	5.02	121,115	75,924,300
06/23/2017	4.87	5.45	4.84	5.23	155,795	65,780,000
06/22/2017	4.91	4.97	4.11	4.87	162,808	61,350,300
06/21/2017	4.88	5.24	3.97	4.91	150,548	56,040,800
06/20/2017	4.73	5.96	3.73	4.88	749,091	49,598,200
06/19/2017	4.87	4.87	3.70	4.73	143,720	46,124,800
06/18/2017	4.56	4.94	3.83	4.87	59,625	38,620,000
06/17/2017	4.46	4.77	3.75	4.56	133,532	33,286,400
06/16/2017	4.12	4.46	3.85	4.46	107,977	26,572,600
06/15/2017	3.86	4.24	3.51	4.12	172,906	20,993,400
06/14/2017	5.36	6.32	3.51	3.86	411,420	25,523,000
06/13/2017	5.45	5.55	4.88	5.36	155,967	25,751,100
06/12/2017	6.64	7.15	4.15	5.47	484,846	30,861,300
06/11/2017	7.31	7.38	6.57	6.65	151,134	33,719,000
06/10/2017	6.08	7.50	6.08	7.31	304,322	27,726,300
06/09/2017	7.12	7.54	6.06	6.07	159,196	32,294,900
06/08/2017	7.00	7.47	6.31	7.26	473,267	31,534,400
06/07/2017	7.63	7.67	6.87	7.06	87,020	33,882,100
06/06/2017	7.29	7.88	6.97	7.62	92,041	31,692,100
06/05/2017	6.50	7.27	6.36	7.26	115,173	28,292,500
06/04/2017	6.86	7.16	6.35	6.50	61,978	29,843,700
06/03/2017	6.55	7.03	6.48	6.88	75,256	65,508
06/02/2017	6.13	6.65	6.13	6.55	109,819	61,316
06/01/2017	5.94	6.84	5.85	6.13	236,132	-
05/31/2017	6.57	7.80	5.67	5.94	4,641	-
05/30/2017	6.76	6.81	5.62	6.54	3,797	-
