Date	Open	High	Low	Close	Volume	Market Cap
5/24/2018	10.63	11.34	10.22	11.15	47,290,900	1,085,020,000
5/23/2018	11.51	11.6	10.13	10.65	46,023,500	1,174,210,000
5/22/2018	12.57	12.91	11.47	11.53	27,751,100	1,282,710,000
5/21/2018	13.04	13.14	12.32	12.57	28,183,300	1,330,240,000
5/20/2018	12.52	13.24	12.41	13.02	37,409,600	1,277,440,000
5/19/2018	12.52	12.88	12.37	12.51	32,444,300	1,277,530,000
5/18/2018	12.38	12.78	12.11	12.52	38,880,800	1,263,020,000
5/17/2018	13.17	13.58	12.29	12.41	38,815,700	1,343,440,000
5/16/2018	13.55	13.55	12.83	13.17	32,027,500	1,382,200,000
5/15/2018	14.24	14.48	13.52	13.57	32,125,800	1,452,840,000
5/14/2018	14.25	14.6	13.31	14.25	46,665,600	1,454,160,000
5/13/2018	13.72	14.65	13.43	14.28	39,654,500	1,400,340,000
5/12/2018	13.33	14.11	12.63	13.7	39,982,700	1,360,280,000
5/11/2018	15.3	15.3	13.16	13.37	58,339,000	1,561,140,000
5/10/2018	16.18	16.39	15.31	15.31	45,211,900	1,651,460,000
5/9/2018	16.04	16.68	15.39	16.18	48,365,400	1,636,780,000
5/8/2018	16.68	16.88	15.83	16.05	43,030,100	1,702,000,000
5/7/2018	16.92	16.96	15.79	16.61	51,355,400	1,726,470,000
5/6/2018	17.4	17.63	16.5	16.92	45,342,000	1,775,490,000
5/5/2018	17.8	17.91	17.36	17.39	55,580,400	1,816,630,000
5/4/2018	18.18	18.18	17.2	17.81	70,046,500	1,855,550,000
5/3/2018	17.24	18.71	17.11	18.22	134,737,000	1,759,150,000
5/2/2018	16.96	17.29	16.69	17.24	73,425,100	1,730,960,000
5/1/2018	16.99	17.08	16.07	16.99	58,684,400	1,733,210,000
4/30/2018	18.05	18.06	16.81	16.95	68,967,800	1,841,910,000
4/29/2018	18.08	18.46	17.14	18.09	93,513,700	1,844,700,000
4/28/2018	17.36	18.3	17.31	18.08	79,047,200	1,771,260,000
4/27/2018	18.17	19.02	17.41	17.41	143,819,000	1,854,270,000
4/26/2018	15.72	21.37	15.19	18.22	675,098,000	1,604,070,000
4/25/2018	18.05	18.05	14.87	15.59	122,642,000	1,841,680,000
4/24/2018	15.84	18.65	15.78	18.16	153,865,000	1,616,380,000
4/23/2018	15.19	15.94	15.16	15.85	58,387,200	1,549,990,000
4/22/2018	15.37	15.89	15.13	15.19	57,141,600	1,567,940,000
4/21/2018	16.27	16.27	14.48	15.4	91,124,800	1,659,940,000
4/20/2018	15.72	16.4	15.25	16.23	126,297,000	1,603,700,000
4/19/2018	15.02	15.96	14.91	15.73	125,155,000	1,533,030,000
4/18/2018	14.56	15.15	14.36	15.02	84,420,300	1,486,150,000
4/17/2018	15.36	15.69	14.21	14.24	151,960,000	1,567,260,000
4/16/2018	14.1	15.59	13.2	15.44	222,730,000	1,439,000,000
4/15/2018	13.88	14.36	13.82	14.1	68,222,200	1,416,300,000
4/14/2018	12.98	13.96	12.98	13.66	109,430,000	1,324,710,000
4/13/2018	12.04	16.06	11.65	12.67	349,809,000	1,228,500,000
4/12/2018	9.8	12.2	9.47	12.02	119,743,000	1,000,000,000
4/11/2018	9.24	9.82	9.24	9.82	37,589,500	942,658,000
4/10/2018	9.1	9.3	8.9	9.25	28,200,500	928,326,000
4/9/2018	9.58	9.82	8.92	9.1	29,849,700	977,606,000
4/8/2018	9.39	9.66	9.24	9.56	22,099,000	958,483,000
4/7/2018	9.29	9.61	9.11	9.39	31,193,800	948,027,000
4/6/2018	8.88	9.51	8.75	9.32	63,649,300	905,815,000
4/5/2018	8.24	9.64	8.1	8.94	86,820,000	841,195,000
4/4/2018	9.5	9.5	8.19	8.25	29,824,900	969,027,000
4/3/2018	8.79	9.78	8.71	9.52	38,323,300	897,043,000
4/2/2018	8.12	9.39	8.07	8.75	48,495,000	828,519,000
4/1/2018	8.23	8.42	7.52	8.09	24,526,400	839,396,000
3/31/2018	8.28	8.73	8.16	8.23	21,296,300	845,158,000
3/30/2018	8.43	8.67	8	8.28	31,776,100	860,625,000
3/29/2018	9.73	9.8	8.35	8.46	34,338,700	993,020,000
3/28/2018	9.75	10.24	9.68	9.73	20,930,600	994,676,000
3/27/2018	10.33	10.38	9.38	9.77	23,759,900	1,054,600,000
3/26/2018	10.87	10.93	9.47	10.34	31,909,400	1,108,810,000
3/25/2018	11.03	11.15	10.66	10.88	21,690,300	1,125,300,000
3/24/2018	11.59	11.76	11.03	11.1	29,693,200	1,182,370,000
3/23/2018	11.53	11.53	10.59	11.5	30,954,000	1,177,000,000
3/22/2018	11.86	12.39	10.78	11.57	36,755,900	1,210,440,000
3/21/2018	12.15	12.65	11.57	11.86	33,733,200	1,240,030,000
3/20/2018	11.54	12.53	10.66	12.08	46,839,900	1,177,690,000
3/19/2018	10.52	11.45	10.06	11.45	42,172,600	1,073,390,000
3/18/2018	9.83	10.53	8.44	10.47	39,837,300	1,002,780,000
3/17/2018	11.22	11.26	9.82	9.86	30,985,800	1,145,240,000
3/16/2018	11.33	11.83	10.83	11.22	28,698,800	1,155,630,000
3/15/2018	11.7	11.73	10.34	11.31	44,593,200	1,193,950,000
3/14/2018	13.61	13.75	11.34	11.69	28,942,400	1,388,970,000
3/13/2018	13.74	14.14	12.98	13.75	24,721,000	1,401,840,000
3/12/2018	14.66	14.84	13.47	13.78	23,439,900	1,496,030,000
3/11/2018	13.41	14.98	12.85	14.68	30,486,600	1,368,720,000
3/10/2018	15.01	15.36	13.25	13.44	44,982,900	1,531,680,000
3/9/2018	13.72	15.11	11.75	15.02	59,857,400	1,400,490,000
3/8/2018	14.47	15.27	13.37	13.74	41,855,800	1,476,880,000
3/7/2018	15.87	16.46	13.71	14.5	52,446,000	1,619,230,000
3/6/2018	17.2	17.2	15.57	15.86	38,911,600	1,755,260,000
3/5/2018	17.96	18.08	17.16	17.22	39,490,400	1,832,480,000
3/4/2018	17.88	18.48	17.09	17.94	39,416,700	1,824,380,000
3/3/2018	18.52	19.02	17.72	17.9	49,308,100	1,889,880,000
3/2/2018	19.19	19.36	17.82	18.52	50,691,600	1,958,280,000
3/1/2018	18.61	19.95	18.46	19.21	67,000,600	1,899,330,000
2/28/2018	20.13	20.93	18.62	18.62	108,895,000	2,054,370,000
2/27/2018	18.01	20.9	17.8	20.14	114,453,000	1,837,970,000
2/26/2018	16.77	18.21	16.29	17.97	37,163,300	1,711,420,000
2/25/2018	16.72	17.48	16.32	16.77	36,436,400	1,706,350,000
2/24/2018	17.51	18.46	16.49	16.75	51,605,900	1,786,500,000
2/23/2018	16.54	17.96	15.83	17.57	63,981,000	1,687,410,000
2/22/2018	18.05	18.72	15.96	16.6	65,150,100	1,842,340,000
2/21/2018	18.32	19.54	17.39	18.06	110,798,000	1,869,530,000
2/20/2018	17.72	20.2	17.71	18.4	109,202,000	1,808,000,000
2/19/2018	16.49	18.37	16.32	17.69	54,814,700	1,682,870,000
2/18/2018	18.32	18.41	16.35	16.66	42,287,800	1,869,770,000
2/17/2018	18.17	18.64	17.69	18.29	59,295,600	1,853,770,000
2/16/2018	16.67	18.23	16.03	18.17	81,337,500	1,701,370,000
2/15/2018	15.63	16.71	14.99	16.67	54,142,700	1,594,790,000
2/14/2018	12.97	15.72	12.97	15.66	91,650,800	1,323,570,000
2/13/2018	12.88	13.06	12.31	12.99	23,326,000	1,314,360,000
2/12/2018	11.95	13	11.93	12.84	24,588,600	1,219,240,000
2/11/2018	12.54	12.67	11.06	11.86	29,981,600	1,279,750,000
2/10/2018	13.2	13.88	11.93	12.51	43,385,500	1,346,830,000
2/9/2018	12.21	13.21	11.56	13.2	41,973,800	1,246,080,000
2/8/2018	10.88	12.26	10.88	11.89	31,563,700	1,110,480,000
2/7/2018	11.32	12.55	10.17	10.9	36,639,600	1,155,150,000
2/6/2018	9.31	11.39	7.39	11.37	56,968,000	949,742,000
2/5/2018	11.92	12.68	8.75	9.27	45,236,500	1,216,630,000
2/4/2018	14.09	14.16	11.72	12.06	36,225,800	1,437,590,000
2/3/2018	13.35	14.3	12.2	14.05	31,593,400	1,362,480,000
2/2/2018	13.97	13.97	10.54	13.25	62,454,300	1,425,460,000
2/1/2018	15.85	15.95	13.25	13.99	60,157,800	1,617,380,000
1/31/2018	14.9	15.85	14.16	15.74	71,504,300	1,520,480,000
1/30/2018	16.89	17.86	14.67	14.92	96,893,300	1,723,530,000
1/29/2018	17.15	17.35	16.04	16.91	46,635,600	1,750,090,000
1/28/2018	16.06	17.29	15.77	17.09	83,798,900	1,638,530,000
1/27/2018	16.6	16.77	15.79	15.98	99,130,000	1,693,910,000
1/26/2018	17.93	18.58	14.93	16.58	145,709,000	1,829,140,000
1/25/2018	18.05	19.12	16.67	17.96	79,337,500	1,841,760,000
1/24/2018	16.05	18.5	15.48	17.85	72,241,700	1,637,570,000
1/23/2018	15.66	16.62	14.3	16.05	58,931,400	1,597,700,000
1/22/2018	17.14	17.96	14.22	15.66	70,101,200	1,748,670,000
1/21/2018	19.74	19.74	16.41	16.97	55,861,100	2,013,840,000
1/20/2018	18.63	19.95	18.63	19.71	89,103,800	1,901,100,000
1/19/2018	17.62	18.94	17.08	18.43	72,477,800	1,798,360,000
1/18/2018	18.23	19.45	17.16	17.73	87,971,600	1,860,280,000
1/17/2018	17.3	18.91	12.41	18.06	114,904,000	1,765,470,000
1/16/2018	22.5	22.5	13.91	17.38	132,224,000	2,296,440,000
1/15/2018	23.7	24.62	22.46	22.46	91,802,400	2,418,190,000
1/14/2018	25.72	25.81	22.24	23.83	74,017,300	2,624,620,000
1/13/2018	22.83	26.07	22.66	25.72	120,921,000	2,329,570,000
1/12/2018	21.7	23.18	20.85	22.84	83,835,500	2,214,090,000
1/11/2018	23.46	23.82	19.34	21.66	122,602,000	2,393,480,000
1/10/2018	25.4	25.4	21.9	23.35	137,934,000	2,591,750,000
1/9/2018	23.84	26.11	22.92	25.29	191,509,000	2,432,850,000
1/8/2018	24.39	28.35	20.69	23.89	382,895,000	2,489,290,000
1/7/2018	19.31	24.41	19.28	24.41	250,609,000	1,970,170,000
1/6/2018	18.7	19.76	18.12	19.31	99,421,600	1,908,510,000
1/5/2018	19.81	20.4	18.12	18.69	138,393,000	2,021,050,000
1/4/2018	20.6	21.94	19.63	19.93	150,260,000	2,101,860,000
1/3/2018	20.15	20.98	19.07	20.54	139,039,000	2,055,970,000
1/2/2018	19.34	22.24	18.73	20.3	229,553,000	1,973,980,000
1/1/2018	19.6	20.99	18.25	19.33	166,860,000	1,999,550,000
12/31/2017	16.01	21.61	15.46	19.89	349,531,000	1,634,170,000
12/30/2017	15.95	16.57	13.02	16.57	124,915,000	1,627,310,000
12/29/2017	15.16	16.71	14.54	16.02	121,258,000	1,547,150,000
12/28/2017	15	15.17	13.03	15.09	69,410,700	1,530,370,000
12/27/2017	15.25	15.78	14.22	15.04	65,350,300	1,555,920,000
12/26/2017	15.6	16.2	14.57	15.24	89,081,800	1,591,610,000
12/25/2017	14.54	15.69	14.12	15.64	91,485,300	1,483,620,000
12/24/2017	14.53	14.53	11.84	14.35	87,459,300	1,482,550,000
12/23/2017	13.16	15.75	12.84	14.41	106,232,000	1,342,480,000
12/22/2017	17.53	17.53	9.67	12.88	210,269,000	1,789,150,000
12/21/2017	17.87	18.84	16.12	17.12	127,590,000	1,823,820,000
12/20/2017	18.19	19.18	15.88	17.79	178,069,000	1,856,030,000
12/19/2017	18.5	21.51	17.12	18.14	247,996,000	1,887,880,000
12/18/2017	16.2	18.58	14.81	18.5	216,024,000	1,653,590,000
12/17/2017	14.19	17.44	13.97	15.62	197,259,000	1,447,690,000
12/16/2017	11.84	14.97	11.84	14.27	316,999,000	1,207,840,000
12/15/2017	11.45	11.72	10.03	11.72	77,923,700	1,168,260,000
12/14/2017	10.7	11.74	10.32	11.44	95,547,300	1,091,600,000
12/13/2017	10.36	11.55	9.66	10.71	110,463,000	1,056,770,000
12/12/2017	9.07	10.5	8.83	10.38	116,442,000	926,009,000
12/11/2017	7.95	9.36	7.95	9.01	47,554,300	811,623,000
12/10/2017	8.59	8.59	7.76	7.95	34,660,500	877,014,000
12/9/2017	8.43	9.22	8.31	8.58	41,798,400	860,261,000
12/8/2017	7.88	8.73	7.58	8.45	54,457,900	804,182,000
12/7/2017	8.62	9.01	7.84	7.85	54,413,600	879,842,000
12/6/2017	10.11	10.11	8.52	8.64	64,531,900	1,031,440,000
12/5/2017	10.41	10.47	9.85	10.08	63,711,700	1,062,170,000
12/4/2017	9.42	10.51	9.14	10.51	51,229,800	961,222,000
12/3/2017	9.3	10.07	8.93	9.43	53,617,600	949,255,000
12/2/2017	8.88	9.71	8.66	9.31	49,352,400	905,896,000
12/1/2017	8.12	8.98	7.83	8.9	45,778,600	828,272,000
11/30/2017	7.95	8.6	7.29	8.13	46,661,000	811,384,000
11/29/2017	9.42	9.42	7.29	7.95	68,267,600	961,128,000
11/28/2017	9.48	9.94	9.05	9.39	60,471,100	967,855,000
11/27/2017	8.52	9.49	8.52	9.49	54,701,200	869,721,000
11/26/2017	8.74	8.74	8.25	8.49	35,970,800	891,835,000
11/25/2017	7.6	8.95	7.6	8.72	68,154,900	775,940,000
11/24/2017	7.7	7.74	7.44	7.61	25,535,100	785,544,000
11/23/2017	7.98	8.17	7.72	7.72	29,220,900	814,275,000
11/22/2017	7.68	7.94	7.62	7.94	23,540,600	783,236,000
11/21/2017	8.08	8.08	7.55	7.65	28,377,000	824,262,000
11/20/2017	7.8	8.18	7.8	8.03	25,838,900	795,924,000
11/19/2017	7.93	8.23	7.64	7.82	27,424,000	809,283,000
11/18/2017	7.69	8.62	7.42	7.95	61,839,300	784,918,000
11/17/2017	7.13	7.74	7.08	7.58	28,740,500	727,192,000
11/16/2017	7.72	7.72	7.1	7.16	25,723,800	787,988,000
11/15/2017	7.87	8.04	7.31	7.72	29,403,800	803,044,000
11/14/2017	7.55	7.89	7.27	7.84	25,075,600	770,372,000
11/13/2017	6.6	7.7	6.6	7.57	45,628,000	673,886,000
11/12/2017	7.29	7.32	6.14	6.59	40,913,300	743,945,000
11/11/2017	6.99	7.54	6.88	7.3	26,845,400	713,386,000
11/10/2017	8.04	8.09	6.78	7.01	43,885,700	820,786,000
11/9/2017	7.67	8.44	7.57	8.03	53,112,900	782,537,000
11/8/2017	6.34	8.36	6.33	7.7	83,658,200	646,493,000
11/7/2017	6.52	6.67	6.16	6.33	17,428,900	665,398,000
11/6/2017	6.28	6.68	6.22	6.48	21,223,900	617,414,000
11/5/2017	6.44	6.49	6.17	6.29	12,819,400	633,214,000
11/4/2017	6.72	6.77	6.38	6.45	16,963,100	660,838,000
11/3/2017	6.23	6.78	6.15	6.73	27,548,300	612,383,000
11/2/2017	6.05	6.67	5.55	6.23	55,264,500	594,839,000
11/1/2017	6.83	6.96	6.05	6.05	37,953,700	671,068,000
10/31/2017	7.23	7.29	6.84	6.84	21,797,300	710,488,000
10/30/2017	7.28	7.4	7.13	7.25	14,224,900	715,973,000
10/29/2017	7.16	7.44	7.15	7.3	18,076,000	703,486,000
10/28/2017	7.49	7.54	7.17	7.18	17,242,600	736,331,000
10/27/2017	7.65	8.12	7.42	7.46	28,704,900	751,745,000
10/26/2017	7.66	7.8	7.48	7.65	19,134,300	752,636,000
10/25/2017	8.12	8.14	7.56	7.62	20,363,000	798,130,000
10/24/2017	7.59	8.7	7.38	8.13	54,151,300	746,181,000
10/23/2017	7.65	7.66	7.12	7.61	17,684,200	752,139,000
10/22/2017	7.37	7.78	7.36	7.67	19,588,000	724,177,000
10/21/2017	7.31	7.46	6.99	7.37	19,448,800	718,401,000
10/20/2017	7.9	7.91	7.29	7.31	20,554,400	776,825,000
10/19/2017	7.82	8.08	7.68	7.92	14,064,200	769,045,000
10/18/2017	7.97	8.08	7.66	7.84	20,915,200	783,502,000
10/17/2017	7.86	8.24	7.69	7.99	23,177,500	772,486,000
10/16/2017	8	8.1	7.6	7.85	19,951,300	786,681,000
10/15/2017	8.03	8.24	7.67	7.97	23,508,300	789,379,000
10/14/2017	8.31	8.38	7.99	8.03	20,284,600	816,802,000
10/13/2017	8.19	8.68	7.98	8.3	33,908,900	805,549,000
10/12/2017	9.26	9.53	8.18	8.2	49,996,900	910,544,000
10/11/2017	8.12	9.42	8.12	9.26	57,741,200	798,713,000
10/10/2017	7.49	8.39	7.28	8.09	27,542,200	736,231,000
10/9/2017	7.78	8.1	7.03	7.5	34,823,600	765,067,000
10/8/2017	8.54	8.61	7.62	7.7	27,120,900	839,543,000
10/7/2017	8.66	8.69	8.14	8.54	18,207,700	851,803,000
10/6/2017	8.82	8.89	8.49	8.66	13,957,500	866,972,000
10/5/2017	8.67	8.97	8.23	8.8	19,715,100	852,239,000
10/4/2017	9.26	9.27	8.6	8.66	19,933,100	909,963,000
10/3/2017	9.19	9.27	8.53	9.24	35,595,500	903,903,000
10/2/2017	9.82	9.99	9.07	9.2	36,673,900	965,225,000
10/1/2017	10.11	10.15	9.57	9.82	21,494,500	994,233,000
9/30/2017	9.74	10.27	9.68	10.12	26,871,400	957,899,000
9/29/2017	10.47	10.58	9.19	9.75	51,306,900	1,029,050,000
9/28/2017	10.35	11.48	10.07	10.49	66,693,200	1,017,090,000
9/27/2017	9.78	10.52	9.77	10.34	38,915,800	961,863,000
9/26/2017	10.01	10.27	9.69	9.76	26,920,700	984,356,000
9/25/2017	8.66	10.38	8.63	10	59,857,600	851,863,000
9/24/2017	9.01	9.12	8.53	8.66	19,730,500	885,388,000
9/23/2017	8.66	9.36	8.43	9.03	28,436,100	851,587,000
9/22/2017	8.13	8.96	7.93	8.65	42,277,500	799,239,000
9/21/2017	9.12	9.39	7.75	8.12	51,911,500	897,056,000
9/20/2017	9.92	9.95	9.11	9.11	36,072,700	975,691,000
9/19/2017	11	11.03	9.68	9.92	38,392,200	1,081,420,000
9/18/2017	9.88	11.34	9.88	10.98	54,086,300	971,499,000
9/17/2017	9.9	10.31	8.98	9.87	40,154,600	973,696,000
9/16/2017	9.96	10.65	9.34	9.93	66,155,100	979,204,000
9/15/2017	8.13	10.39	6.57	9.95	156,528,000	798,813,000
9/14/2017	10.58	11.06	7.67	8.08	95,558,500	1,040,220,000
9/13/2017	11.68	11.7	9.55	10.61	85,896,500	1,148,450,000
9/12/2017	11.37	13.45	11.21	11.59	130,591,000	1,117,370,000
9/11/2017	11.42	11.98	11.09	11.33	37,733,800	1,122,960,000
9/10/2017	12.29	12.3	10.76	11.4	53,265,800	1,207,860,000
9/9/2017	11.38	12.22	10.88	12.22	63,245,300	1,118,990,000
9/8/2017	12.91	13.39	10.66	11.45	99,091,800	1,268,790,000
9/7/2017	11.65	13.53	10.77	12.87	153,192,000	1,145,440,000
9/6/2017	10.96	11.8	10.49	11.64	95,001,000	1,077,300,000
9/5/2017	8.68	11.28	7.6	10.98	111,430,000	852,870,000
9/4/2017	10.55	10.55	7.31	8.78	159,979,000	1,037,440,000
9/3/2017	10.79	11.37	9.64	10.57	68,616,800	1,060,760,000
9/2/2017	11.99	11.99	9.96	10.8	93,561,000	1,178,610,000
9/1/2017	11.73	12.52	11.63	11.97	91,962,400	1,153,390,000
8/31/2017	11.17	12.08	10.78	11.74	89,710,200	1,098,470,000
8/30/2017	9.49	11.67	9.3	11.07	194,613,000	932,958,000
8/29/2017	8.58	9.62	8.45	9.46	86,155,000	843,249,000
8/28/2017	8.33	8.93	8.15	8.59	52,390,300	819,005,000
8/27/2017	8.29	8.37	8.03	8.33	22,915,000	815,412,000
8/26/2017	8.26	8.33	7.85	8.28	25,661,900	812,289,000
8/25/2017	8.38	8.46	8.04	8.27	24,205,300	823,620,000
8/24/2017	8.2	8.39	7.97	8.37	31,284,200	806,267,000
8/23/2017	7.61	8.66	7.58	8.24	64,455,600	748,515,000
8/22/2017	7.67	7.76	6.96	7.62	41,423,400	753,880,000
8/21/2017	8.45	8.6	7.34	7.67	71,569,400	830,536,000
8/20/2017	7.76	8.84	7.17	8.44	74,687,700	762,542,000
8/19/2017	7.31	7.93	6.42	7.8	70,997,400	718,510,000
8/18/2017	8.4	8.45	6.32	7.34	104,224,000	825,591,000
8/17/2017	8.89	9.47	8.29	8.4	131,488,000	873,548,000
8/16/2017	6.67	9.02	6.67	8.87	204,580,000	655,537,000
8/15/2017	6.94	7.05	6.16	6.69	67,045,700	682,506,000
8/14/2017	6.88	7.38	6.25	7.02	85,191,300	676,804,000
8/13/2017	6.18	7.53	5.36	6.94	128,909,000	607,772,000
8/12/2017	7.2	7.4	5.83	6.19	87,590,300	707,779,000
8/11/2017	5.96	7.81	5.41	7.23	200,287,000	586,021,000
8/10/2017	3.41	6.36	3.38	5.93	234,693,000	335,183,000
8/9/2017	3.62	3.68	3.26	3.45	24,783,900	355,440,000
8/8/2017	3.15	3.76	3.07	3.61	49,778,700	309,766,000
8/7/2017	2.7	3.25	2.63	3.15	34,417,900	265,138,000
8/6/2017	3.62	3.62	2.59	2.75	39,669,900	356,183,000
8/5/2017	2.79	3.73	2.74	3.61	95,593,700	274,109,000
8/4/2017	1.95	2.79	1.94	2.76	44,051,500	192,003,000
8/3/2017	1.38	2.03	1.37	1.96	18,348,800	135,528,000
8/2/2017	1.34	1.39	1.29	1.38	3,708,080	131,707,000
8/1/2017	1.22	1.37	1.18	1.33	4,360,060	120,415,000
7/31/2017	1.2	1.26	1.17	1.23	2,153,100	118,309,000
7/30/2017	1.27	1.31	1.19	1.21	1,749,290	124,645,000
7/29/2017	1.19	1.29	1.11	1.28	2,651,230	116,968,000
7/28/2017	1.38	1.39	1.12	1.19	5,438,700	135,475,000
7/27/2017	1.21	1.41	1.2	1.38	5,379,280	118,718,000
7/26/2017	1.23	1.29	1.1	1.21	4,740,910	121,110,000
7/25/2017	1.53	1.55	1.12	1.23	8,132,390	150,667,000
7/24/2017	1.51	1.61	1.31	1.52	12,526,000	148,581,000
7/23/2017	0.878973	1.59	0.850754	1.53	15,198,100	86,413,600
7/22/2017	0.742038	0.886832	0.739422	0.878662	3,596,130	72,951,200
7/21/2017	0.669754	0.786582	0.632858	0.753032	2,140,420	65,844,800
7/20/2017	0.596119	0.717632	0.596119	0.659447	3,376,440	58,605,700
7/19/2017	0.75929	0.797288	0.568905	0.583911	4,236,020	74,647,300
7/18/2017	0.574224	0.894874	0.565539	0.759819	8,394,650	56,453,100
7/17/2017	0.381684	0.598633	0.379345	0.582786	4,273,090	37,524,100
7/16/2017	0.431081	0.494342	0.319695	0.384906	1,743,630	42,380,400
7/15/2017	0.586446	0.652156	0.433351	0.433351	1,552,730	-
7/14/2017	0.534731	0.775406	0.500232	0.58248	750,698	-
