Date	Open	High	Low	Close	Volume	Market Cap
07/15/2018	0.000122	0.000128	0.000063	0.000064	14	277
07/14/2018	0.000066	0.000124	0.000066	0.000122	36	150
07/13/2018	0.000125	0.000126	0.000064	0.000066	201	285
07/12/2018	0.000116	0.000125	0.000113	0.000125	512	265
07/11/2018	0.000126	0.000129	0.000114	0.000116	6	288
07/10/2018	0.000125	0.000132	0.000115	0.000126	254	285
07/09/2018	0.000180	0.000180	0.000124	0.000125	11	410
07/08/2018	0.000135	0.000202	0.000134	0.000180	14	308
07/07/2018	0.000152	0.000161	0.000131	0.000135	17	347
07/06/2018	0.000196	0.000198	0.000129	0.000152	48	447
07/05/2018	0.000132	0.000196	0.000131	0.000196	1	300
07/04/2018	0.000130	0.000135	0.000128	0.000131	372	296
07/03/2018	0.000197	0.000199	0.000130	0.000130	44	450
07/02/2018	0.000127	0.000199	0.000126	0.000198	157	290
07/01/2018	0.000128	0.000190	0.000124	0.000127	230	291
06/30/2018	0.000124	0.000192	0.000124	0.000128	726	283
06/29/2018	0.000176	0.000177	0.000096	0.000124	34	402
06/28/2018	0.000184	0.000184	0.000122	0.000176	30	419
06/27/2018	0.000119	0.000185	0.000116	0.000184	36	273
06/26/2018	0.000116	0.000123	0.000116	0.000120	51	264
06/25/2018	0.000122	0.000171	0.000112	0.000116	18	279
06/24/2018	0.000123	0.000162	0.000060	0.000123	105	281
06/23/2018	0.000122	0.000125	0.000121	0.000123	335	279
06/22/2018	0.000201	0.000202	0.000120	0.000122	30	460
06/21/2018	0.000202	0.000203	0.000200	0.000202	56	460
06/20/2018	0.000195	0.000203	0.000145	0.000202	315	445
06/19/2018	0.000135	0.000195	0.000067	0.000195	957	307
06/18/2018	0.000123	0.000136	0.000122	0.000135	548	280
06/17/2018	0.000130	0.000195	0.000123	0.000123	33	296
06/16/2018	0.000193	0.000196	0.000126	0.000130	596	440
06/15/2018	0.000178	0.000197	0.000174	0.000193	136	406
06/14/2018	0.000126	0.000196	0.000126	0.000178	365	288
06/13/2018	0.000132	0.000133	0.000124	0.000126	689	301
06/12/2018	0.000206	0.000206	0.000131	0.000132	150	469
06/11/2018	0.000139	0.000207	0.000134	0.000206	296	317
06/10/2018	0.000192	0.000192	0.000141	0.000159	80	439
06/09/2018	0.000154	0.000225	0.000154	0.000192	107	352
06/08/2018	0.000166	0.000226	0.000154	0.000154	988	379
06/07/2018	0.000209	0.000221	0.000162	0.000166	663	476
06/06/2018	0.000224	0.000224	0.000170	0.000209	510	510
06/05/2018	0.000225	0.000228	0.000160	0.000224	205	513
06/04/2018	0.000154	0.000226	0.000149	0.000225	1,122	352
06/03/2018	0.000156	0.000231	0.000153	0.000154	110	355
06/02/2018	0.000170	0.000228	0.000155	0.000156	1,278	388
06/01/2018	0.000224	0.000225	0.000156	0.000170	347	511
05/31/2018	0.000148	0.000227	0.000148	0.000224	1,099	338
05/30/2018	0.000149	0.000223	0.000147	0.000148	399	340
05/29/2018	0.000214	0.000226	0.000143	0.000149	1,338	488
05/28/2018	0.000220	0.000289	0.000144	0.000214	1,563	502
05/27/2018	0.000221	0.000290	0.000149	0.000220	4,343	505
05/26/2018	0.000370	0.000370	0.000152	0.000221	5,431	844
05/25/2018	0.000227	0.000371	0.000221	0.000370	10,727	518
05/24/2018	0.000169	0.000228	0.000150	0.000226	400	387
05/23/2018	0.000161	0.000237	0.000150	0.000170	404	367
05/22/2018	0.000170	0.000250	0.000084	0.000161	2,830	388
05/21/2018	0.000330	0.000332	0.000170	0.000170	1,689	754
05/20/2018	0.000167	0.000337	0.000166	0.000330	716	381
05/19/2018	0.000247	0.000328	0.000165	0.000167	525	564
05/18/2018	0.000235	0.000330	0.000160	0.000247	598	537
05/17/2018	0.000286	0.000331	0.000234	0.000235	149	654
05/16/2018	0.000258	0.000340	0.000149	0.000286	790	590
05/15/2018	0.000355	0.000441	0.000259	0.000259	5,574	811
05/14/2018	0.000542	0.000617	0.000342	0.000356	4,280	1,236
05/13/2018	0.000254	0.000757	0.000251	0.000617	24,603	580
05/12/2018	0.000248	0.000341	0.000167	0.000337	7,080	566
05/11/2018	0.000178	0.000256	0.000170	0.000249	635	406
05/10/2018	0.000197	0.000272	0.000178	0.000178	527	449
05/09/2018	0.000275	0.000275	0.000181	0.000197	286	628
05/08/2018	0.000273	0.000279	0.000181	0.000276	1,361	624
05/07/2018	0.000193	0.000276	0.000183	0.000273	364	440
05/06/2018	0.000282	0.000287	0.000189	0.000193	2,048	642
05/05/2018	0.000290	0.000296	0.000196	0.000281	2,106	663
05/04/2018	0.000198	0.000292	0.000192	0.000290	545	451
05/03/2018	0.000277	0.000288	0.000184	0.000198	282	631
05/02/2018	0.000182	0.000278	0.000180	0.000277	128	415
05/01/2018	0.000277	0.000277	0.000178	0.000182	57	633
04/30/2018	0.000258	0.000277	0.000183	0.000277	893	589
04/29/2018	0.000280	0.000284	0.000189	0.000258	429	640
04/28/2018	0.000267	0.000283	0.000181	0.000280	227	609
04/27/2018	0.000280	0.000280	0.000179	0.000268	396	639
04/26/2018	0.000164	0.000280	0.000161	0.000280	139	375
04/25/2018	0.000194	0.000285	0.000163	0.000163	653	443
04/24/2018	0.000181	0.000285	0.000181	0.000195	401	413
04/23/2018	0.000176	0.000266	0.000175	0.000181	798	401
04/22/2018	0.000268	0.000269	0.000175	0.000176	620	611
04/21/2018	0.000187	0.000268	0.000174	0.000268	231	427
04/20/2018	0.000326	0.000329	0.000175	0.000187	157	743
04/19/2018	0.000168	0.000325	0.000165	0.000325	2,217	384
04/18/2018	0.000309	0.000322	0.000158	0.000168	1,275	705
04/17/2018	0.000242	0.000318	0.000162	0.000309	1,257	552
04/16/2018	0.000338	0.000339	0.000240	0.000242	11,710	772
04/15/2018	0.000313	0.000338	0.000245	0.000338	1,937	715
04/14/2018	0.000306	0.000324	0.000240	0.000313	957	699
04/13/2018	0.000402	0.000411	0.000241	0.000306	2,057	918
04/12/2018	0.000284	0.000450	0.000203	0.000391	4,923	648
04/11/2018	0.000403	0.000403	0.000202	0.000285	6,288	919
04/10/2018	0.000407	0.000474	0.000274	0.000402	4,504	929
04/09/2018	0.000487	0.000499	0.000331	0.000407	2,310	1,112
04/08/2018	0.000443	0.000549	0.000428	0.000486	2,237	1,012
04/07/2018	0.000397	0.000500	0.000397	0.000443	1,498	907
04/06/2018	0.000476	0.000506	0.000365	0.000397	1,742	1,087
04/05/2018	0.000406	0.000731	0.000395	0.000478	2,492	926
04/04/2018	0.000580	0.000677	0.000402	0.000406	3,387	1,323
04/03/2018	0.000632	0.000701	0.000568	0.000580	3,095	1,442
04/02/2018	0.000609	0.000691	0.000506	0.000632	2,530	1,389
04/01/2018	0.000612	0.000770	0.000538	0.000606	1,504	1,397
03/31/2018	0.000415	0.000660	0.000415	0.000612	2,737	946
03/30/2018	0.000356	0.000745	0.000319	0.000415	6,412	811
03/29/2018	0.000395	0.000396	0.000299	0.000356	2,722	902
03/28/2018	0.000302	0.000398	0.000235	0.000395	2,672	690
03/27/2018	0.000331	0.000403	0.000243	0.000319	944	755
03/26/2018	0.000339	0.000410	0.000307	0.000331	1,381	773
03/25/2018	0.000419	0.000430	0.000337	0.000339	2,234	956
03/24/2018	0.000357	0.000446	0.000267	0.000425	1,566	814
03/23/2018	0.000432	0.000432	0.000259	0.000352	1,911	987
03/22/2018	0.000369	0.000452	0.000349	0.000432	2,453	841
03/21/2018	0.000279	0.000458	0.000277	0.000365	4,970	636
03/20/2018	0.000426	0.000450	0.000338	0.000360	2,955	973
03/19/2018	0.000576	0.000593	0.000324	0.000422	7,304	1,314
03/18/2018	0.000459	0.000580	0.000301	0.000578	10,768	1,047
03/17/2018	0.000655	0.000655	0.000315	0.000460	17,882	1,496
03/16/2018	0.001414	0.001423	0.000436	0.000654	40,373	3,226
03/15/2018	0.005846	0.005932	0.001000	0.001413	189,322	13,341
03/14/2018	0.013827	0.016293	0.005326	0.005496	74,828	31,554
03/13/2018	0.183840	0.183840	0.013323	0.014776	179,531	404,277
03/12/2018	0.273995	0.278782	0.118778	0.176679	51,292	578,068
03/11/2018	0.395870	0.396692	0.295196	0.296988	193,967	809,383
03/10/2018	0.486263	0.501844	0.396123	0.401573	203,967	981,914
03/09/2018	0.636937	0.646018	0.440400	0.486156	238,718	1,257,910
03/08/2018	0.674211	0.697392	0.596574	0.640894	184,793	1,997,340
03/07/2018	0.713465	0.793975	0.644263	0.675364	228,449	2,113,630
03/06/2018	0.800094	0.891151	0.707261	0.714389	196,817	2,370,270
03/05/2018	0.965680	1.15	0.802007	0.802311	207,761	2,860,810
03/04/2018	0.864725	1.02	0.851958	0.966384	214,866	2,561,740
03/03/2018	0.756101	0.950328	0.756101	0.866220	264,431	2,239,940
03/02/2018	0.851359	1.04	0.704923	0.757027	257,584	2,521,990
03/01/2018	0.935600	1.11	0.752178	0.853552	251,177	2,770,870
02/28/2018	1.28	1.31	0.932583	0.934224	463,286	3,784,670
02/27/2018	1.49	1.64	1.30	1.31	393,106	4,375,780
02/26/2018	1.72	1.74	1.48	1.48	424,173	4,954,080
02/25/2018	1.70	1.82	1.58	1.71	286,128	4,897,740
02/24/2018	2.02	2.14	1.66	1.70	253,135	5,841,290
02/23/2018	1.55	2.37	1.51	2.03	418,518	-
02/22/2018	1.74	1.82	1.47	1.55	326,319	-
02/21/2018	2.17	2.20	1.71	1.75	428,582	-
02/20/2018	2.34	2.46	2.15	2.17	500,497	-
02/19/2018	2.09	2.62	1.99	2.24	381,784	-
02/18/2018	2.29	2.58	1.94	2.10	386,077	-
02/17/2018	2.55	2.62	2.14	2.28	533,942	-
02/16/2018	2.53	2.62	2.45	2.55	534,983	-
02/15/2018	2.63	3.46	2.36	2.54	393,843	-
02/14/2018	2.47	2.96	2.04	2.46	465,579	-
02/13/2018	3.29	3.51	2.30	2.48	246,111	-
02/12/2018	3.20	3.86	3.11	3.29	332,445	-
02/11/2018	3.76	4.79	3.09	3.18	470,316	-
02/10/2018	4.25	4.51	3.00	3.35	413,970	-
02/09/2018	3.93	5.72	3.57	4.25	259,429	-
02/08/2018	4.92	5.50	3.67	4.19	279,936	-
02/07/2018	5.01	5.84	4.20	4.94	384,642	-
02/06/2018	5.28	6.01	4.26	5.06	282,414	-
02/05/2018	6.16	7.31	5.07	5.27	736,795	-
02/04/2018	8.38	8.68	5.94	6.22	379,453	-
02/03/2018	7.98	9.76	7.38	8.78	340,093	-
02/02/2018	7.33	9.69	5.86	7.95	424,320	-
02/01/2018	8.49	9.36	6.62	7.34	405,949	-
01/31/2018	8.35	8.65	7.92	8.47	479,958	-
01/30/2018	9.97	10.34	8.09	8.34	427,031	-
01/29/2018	10.43	10.83	8.94	9.96	434,185	-
01/28/2018	9.14	10.51	7.71	10.44	417,268	-
01/27/2018	8.90	10.39	7.90	9.10	540,964	-
01/26/2018	11.16	12.82	8.74	8.91	477,209	-
01/25/2018	12.32	13.49	10.97	11.19	399,456	-
01/24/2018	10.71	15.36	10.37	12.12	738,560	-
01/23/2018	9.57	15.93	9.57	10.72	522,644	-
01/22/2018	6.96	10.63	6.35	9.60	735,750	-
01/21/2018	6.77	7.47	6.58	6.87	500,345	-
01/20/2018	7.03	7.74	6.51	6.76	756	-
01/19/2018	6.97	7.52	6.62	6.95	727,767	-
01/18/2018	6.46	7.41	6.45	7.04	471,033	-
01/17/2018	6.84	6.95	5.57	6.43	641,220	-
01/16/2018	8.87	8.87	6.08	6.87	841,434	-
01/15/2018	10.24	10.40	8.20	8.86	565,695	-
01/14/2018	6.95	10.32	6.88	10.32	852,873	-
01/13/2018	6.67	7.58	6.65	6.94	927,930	-
01/12/2018	6.98	7.79	5.94	6.68	953,362	-
01/11/2018	7.63	8.33	6.34	6.93	1,118,780	-
01/10/2018	8.24	9.00	7.01	7.64	753,072	-
01/09/2018	7.08	9.22	7.01	8.23	1,786,430	-
01/08/2018	7.80	8.08	4.89	7.10	154,365	-
01/07/2018	7.90	8.94	6.83	7.81	2,374,480	-
01/06/2018	8.14	9.33	6.95	7.91	939,769	-
01/05/2018	9.10	10.55	7.03	8.13	2,075,220	-
01/04/2018	9.28	10.93	8.68	9.10	1,780,390	-
01/03/2018	10.88	11.93	9.03	9.23	1,277,060	-
01/02/2018	10.53	12.04	9.67	10.92	1,631,150	-
01/01/2018	11.74	12.03	10.40	10.53	1,644,780	-
12/31/2017	10.73	12.12	10.42	11.70	409,775	-
12/30/2017	12.28	12.62	10.00	10.61	2,380,090	-
12/29/2017	13.89	13.89	11.91	12.69	5,054,060	-
12/28/2017	12.31	13.85	11.00	13.85	3,484,660	-
12/27/2017	13.12	14.02	11.69	12.34	2,274,200	-
12/26/2017	12.58	14.07	11.70	12.60	2,310,440	-
12/25/2017	13.35	14.20	12.06	12.52	2,667,320	-
12/24/2017	14.27	14.27	11.77	13.22	1,192,520	-
12/23/2017	13.49	14.96	13.08	14.35	4,431,070	-
12/22/2017	15.22	15.86	11.44	13.47	2,189,380	-
12/21/2017	16.06	17.62	15.07	15.16	4,037,980	-
12/20/2017	15.85	17.83	14.41	16.02	4,209,840	-
12/19/2017	16.74	18.07	15.37	15.86	5,597,330	-
12/18/2017	16.74	18.59	15.99	16.73	2,833,600	-
12/17/2017	19.28	19.28	16.69	16.69	6,001,430	-
12/16/2017	18.09	19.45	15.93	19.32	3,433,180	-
12/15/2017	17.16	18.28	15.93	18.03	3,965,010	-
12/14/2017	17.13	18.86	16.71	17.17	5,440,200	-
12/13/2017	21.10	21.36	14.14	17.14	2,676,120	-
12/12/2017	20.21	21.61	19.74	21.09	3,151,430	-
12/11/2017	18.88	21.03	18.80	20.15	3,554,690	-
12/10/2017	18.04	20.36	15.56	19.02	3,327,680	-
12/09/2017	18.69	18.86	15.66	17.97	2,117,710	-
12/08/2017	21.70	21.76	15.31	18.72	3,374,850	-
12/07/2017	14.59	21.65	14.39	21.65	4,786,740	-
12/06/2017	16.39	17.87	14.07	14.57	4,006,120	-
12/05/2017	15.38	17.53	15.23	16.43	5,140,480	-
12/04/2017	14.90	16.97	14.05	15.35	5,193,430	-
12/03/2017	15.88	17.93	14.85	15.19	4,891,070	-
12/02/2017	16.86	17.41	15.60	15.73	5,431,280	-
12/01/2017	17.28	17.97	14.25	16.83	4,856,100	-
11/30/2017	15.60	17.84	13.49	17.48	4,574,760	-
11/29/2017	17.56	19.90	14.10	15.02	4,501,020	-
11/28/2017	16.54	19.41	15.01	17.58	2,841,600	-
11/27/2017	15.01	21.08	15.01	16.69	4,611,240	-
11/26/2017	18.69	21.35	14.13	15.00	6,662,350	-
11/25/2017	17.23	21.42	15.99	19.76	1,275,030	-
11/24/2017	17.38	17.39	14.16	17.26	1,131,220	-
