Date	Open	High	Low	Close	Volume	Market Cap
07/15/2018	0.280413	0.290049	0.276563	0.285240	5,680,000	104,799,000
07/14/2018	0.267724	0.290568	0.265430	0.279873	9,305,020	100,057,000
07/13/2018	0.267563	0.272523	0.264598	0.269154	5,797,560	99,996,400
07/12/2018	0.295375	0.295375	0.259195	0.267208	9,464,250	110,391,000
07/11/2018	0.253947	0.331357	0.242118	0.295123	44,789,600	94,894,800
07/10/2018	0.274127	0.285052	0.252721	0.253225	4,710,350	102,436,000
07/09/2018	0.280312	0.297339	0.271866	0.274285	7,157,120	104,747,000
07/08/2018	0.273570	0.289118	0.271184	0.279208	3,962,740	102,228,000
07/07/2018	0.285893	0.285893	0.261877	0.273917	2,157,570	106,832,000
07/06/2018	0.275306	0.289701	0.253558	0.285572	7,021,700	102,876,000
07/05/2018	0.283194	0.289599	0.269920	0.275338	6,872,300	105,824,000
07/04/2018	0.284720	0.292281	0.268991	0.282361	7,246,250	106,380,000
07/03/2018	0.299880	0.308695	0.282089	0.284335	13,365,800	112,044,000
07/02/2018	0.292517	0.312497	0.284298	0.299111	26,419,100	109,228,000
07/01/2018	0.283242	0.328686	0.259734	0.291449	52,788,900	105,764,000
06/30/2018	0.232341	0.370197	0.232341	0.282705	70,024,400	86,757,700
06/29/2018	0.179207	0.213094	0.179207	0.211102	3,492,360	66,917,100
06/28/2018	0.193238	0.195361	0.177416	0.179102	1,181,450	72,156,400
06/27/2018	0.190652	0.194473	0.188260	0.193190	1,036,050	71,190,800
06/26/2018	0.205446	0.205446	0.190941	0.191359	2,394,090	76,714,900
06/25/2018	0.193418	0.209947	0.189371	0.203908	1,996,670	72,223,700
06/24/2018	0.208971	0.209482	0.178732	0.194421	1,272,010	78,031,200
06/23/2018	0.216218	0.221606	0.205696	0.208857	1,081,960	80,737,100
06/22/2018	0.255498	0.255878	0.215431	0.215726	1,211,850	95,404,500
06/21/2018	0.259782	0.260558	0.253398	0.255724	837,134	97,004,300
06/20/2018	0.270324	0.270324	0.253555	0.259541	1,065,860	100,941,000
06/19/2018	0.260083	0.270126	0.258638	0.270126	998,007	97,116,700
06/18/2018	0.256442	0.263850	0.248160	0.260048	700,842	95,757,300
06/17/2018	0.255781	0.261379	0.254525	0.256856	640,658	95,510,500
06/16/2018	0.246654	0.263549	0.246543	0.255660	1,602,300	92,102,100
06/15/2018	0.260868	0.261210	0.246160	0.247256	802,545	97,409,800
06/14/2018	0.241272	0.262605	0.237866	0.260895	1,723,210	90,092,600
06/13/2018	0.262109	0.265035	0.234564	0.241035	2,054,220	97,873,100
06/12/2018	0.285333	0.288317	0.257490	0.261502	2,108,810	106,545,000
06/11/2018	0.274855	0.285548	0.269499	0.285206	2,016,140	102,633,000
06/10/2018	0.326461	0.326461	0.271302	0.274658	2,226,830	121,903,000
06/09/2018	0.331471	0.338398	0.325837	0.325837	1,738,970	123,773,000
06/08/2018	0.327030	0.333462	0.319759	0.331028	1,864,990	122,115,000
06/07/2018	0.337925	0.342493	0.325239	0.325244	1,545,700	126,183,000
06/06/2018	0.339788	0.347761	0.333961	0.337927	2,295,680	126,879,000
06/05/2018	0.332955	0.342024	0.322453	0.339817	2,386,640	124,328,000
06/04/2018	0.349402	0.351193	0.323983	0.332811	3,202,280	130,469,000
06/03/2018	0.343664	0.353542	0.338705	0.346226	5,369,380	128,327,000
06/02/2018	0.328226	0.346288	0.325893	0.343886	5,522,650	122,562,000
06/01/2018	0.329865	0.334497	0.322983	0.328356	4,215,630	123,158,000
05/31/2018	0.324652	0.336019	0.319460	0.329492	3,883,910	121,211,000
05/30/2018	0.323811	0.335625	0.314182	0.324739	4,112,600	120,897,000
05/29/2018	0.293413	0.328863	0.293292	0.322704	3,987,790	109,548,000
05/28/2018	0.317657	0.319481	0.293531	0.294626	3,785,820	118,600,000
05/27/2018	0.326469	0.327755	0.313237	0.316745	4,028,540	121,890,000
05/26/2018	0.329926	0.338751	0.324084	0.326230	3,525,130	123,181,000
05/25/2018	0.343403	0.350174	0.324993	0.329071	3,786,600	128,212,000
05/24/2018	0.324848	0.353580	0.311618	0.343706	6,736,200	121,285,000
05/23/2018	0.364537	0.366387	0.321523	0.324137	5,589,700	136,103,000
05/22/2018	0.399830	0.403294	0.364171	0.364171	4,968,550	149,262,000
05/21/2018	0.422274	0.423906	0.397278	0.399729	7,195,020	157,350,000
05/20/2018	0.410850	0.430374	0.407285	0.423409	5,480,620	153,093,000
05/19/2018	0.415476	0.418873	0.402226	0.409250	4,968,270	154,817,000
05/18/2018	0.420739	0.422554	0.399212	0.414655	9,625,790	156,778,000
05/17/2018	0.457473	0.461867	0.414072	0.420441	9,033,100	169,871,000
05/16/2018	0.502489	0.542956	0.452919	0.455749	59,245,100	186,587,000
05/15/2018	0.464161	0.515750	0.463582	0.506038	15,454,200	172,169,000
05/14/2018	0.449775	0.477116	0.419803	0.464176	10,266,000	166,631,000
05/13/2018	0.413045	0.453344	0.406304	0.449695	5,772,280	153,023,000
05/12/2018	0.397588	0.419024	0.375562	0.413294	5,966,370	147,297,000
05/11/2018	0.445722	0.445722	0.378112	0.398751	9,781,140	164,588,000
05/10/2018	0.490342	0.499681	0.442848	0.445860	7,962,240	181,065,000
05/09/2018	0.507583	0.512709	0.461998	0.491087	8,652,290	187,431,000
05/08/2018	0.504633	0.529443	0.501655	0.505666	10,082,800	186,342,000
05/07/2018	0.532661	0.534856	0.484077	0.501647	7,835,350	196,692,000
05/06/2018	0.556294	0.576051	0.523149	0.534147	11,382,900	205,418,000
05/05/2018	0.565883	0.566868	0.549365	0.554766	9,856,320	208,241,000
05/04/2018	0.591487	0.598258	0.552719	0.564396	15,565,000	217,663,000
05/03/2018	0.569191	0.585988	0.559174	0.571521	16,785,200	209,458,000
05/02/2018	0.560741	0.572868	0.552118	0.568890	10,694,300	205,984,000
05/01/2018	0.552432	0.562311	0.518011	0.561844	17,147,000	202,932,000
04/30/2018	0.589751	0.589751	0.547071	0.552319	14,491,000	216,052,000
04/29/2018	0.556823	0.594305	0.539080	0.590609	19,483,200	203,989,000
04/28/2018	0.523905	0.558655	0.523905	0.555419	10,105,700	191,930,000
04/27/2018	0.556146	0.560950	0.525850	0.526246	11,773,000	203,741,000
04/26/2018	0.506355	0.557472	0.496596	0.556639	14,081,400	185,500,000
04/25/2018	0.595877	0.596767	0.490404	0.499071	17,887,200	218,296,000
04/24/2018	0.508406	0.633482	0.507309	0.605455	56,130,400	186,023,000
04/23/2018	0.502719	0.520584	0.499979	0.508275	11,703,400	183,942,000
04/22/2018	0.492271	0.518930	0.490059	0.503175	14,591,400	180,119,000
04/21/2018	0.516323	0.543898	0.456863	0.488320	25,412,000	188,920,000
04/20/2018	0.476752	0.512686	0.461307	0.507851	16,226,000	174,441,000
04/19/2018	0.466970	0.480650	0.459001	0.476501	14,894,800	170,862,000
04/18/2018	0.422816	0.468326	0.421908	0.467591	21,973,000	154,706,000
04/17/2018	0.416879	0.445957	0.413780	0.424135	16,408,900	152,138,000
04/16/2018	0.429338	0.433463	0.396473	0.417380	10,568,600	156,684,000
04/15/2018	0.416048	0.438987	0.413499	0.429362	11,916,700	151,834,000
04/14/2018	0.378677	0.430899	0.376146	0.414670	16,904,600	138,196,000
04/13/2018	0.368514	0.409106	0.364704	0.379218	19,466,800	134,487,000
04/12/2018	0.321903	0.369583	0.315018	0.367691	15,530,200	117,151,000
04/11/2018	0.310975	0.323984	0.308987	0.322132	7,856,880	113,174,000
04/10/2018	0.300397	0.314803	0.294131	0.310058	6,534,960	109,325,000
04/09/2018	0.319260	0.332750	0.290790	0.299638	7,556,710	116,189,000
04/08/2018	0.300003	0.330307	0.296490	0.318744	9,508,160	109,181,000
04/07/2018	0.286497	0.303692	0.286421	0.299705	5,602,080	104,266,000
04/06/2018	0.299094	0.301749	0.278723	0.286398	6,070,950	108,850,000
04/05/2018	0.325914	0.325914	0.282020	0.300936	11,151,600	118,611,000
04/04/2018	0.348815	0.373305	0.311827	0.328342	21,500,200	126,945,000
04/03/2018	0.306141	0.408488	0.296079	0.346113	41,716,100	111,415,000
04/02/2018	0.265715	0.325880	0.263526	0.305416	17,212,100	96,702,600
04/01/2018	0.280022	0.286297	0.253680	0.264461	4,621,170	101,909,000
03/31/2018	0.277206	0.290457	0.274003	0.279877	5,179,370	100,884,000
03/30/2018	0.288767	0.293028	0.263944	0.277062	5,405,470	105,092,000
03/29/2018	0.333622	0.334571	0.281867	0.289658	7,153,480	121,416,000
03/28/2018	0.330575	0.365777	0.323962	0.333725	12,456,500	120,307,000
03/27/2018	0.336637	0.339694	0.307973	0.330754	6,124,780	122,513,000
03/26/2018	0.364501	0.373928	0.313902	0.335872	7,252,200	132,654,000
03/25/2018	0.362476	0.378154	0.353574	0.364595	5,921,630	131,917,000
03/24/2018	0.356390	0.397539	0.347437	0.367016	11,836,400	129,702,000
03/23/2018	0.374554	0.374554	0.338427	0.352011	6,785,860	136,312,000
03/22/2018	0.394915	0.400303	0.348782	0.374427	7,638,140	143,723,000
03/21/2018	0.386456	0.405682	0.381102	0.394890	8,814,330	140,644,000
03/20/2018	0.374619	0.394655	0.352901	0.383359	9,966,550	136,336,000
03/19/2018	0.326130	0.368932	0.325596	0.368932	6,735,110	118,690,000
03/18/2018	0.329397	0.330166	0.267760	0.326085	8,004,000	119,878,000
03/17/2018	0.379283	0.381002	0.330443	0.330443	6,262,590	138,034,000
03/16/2018	0.390255	0.404781	0.372693	0.377856	7,566,530	142,027,000
03/15/2018	0.413922	0.417729	0.363028	0.390213	11,503,100	150,640,000
03/14/2018	0.482204	0.523843	0.413108	0.414058	24,184,900	175,490,000
03/13/2018	0.424024	0.473864	0.416586	0.473864	7,128,830	154,316,000
03/12/2018	0.428395	0.462214	0.405441	0.426888	6,837,500	155,907,000
03/11/2018	0.402801	0.434962	0.388509	0.427356	2,316,210	146,593,000
03/10/2018	0.427359	0.442311	0.398371	0.403786	2,515,850	155,530,000
03/09/2018	0.431933	0.439549	0.379118	0.425232	3,507,140	157,195,000
03/08/2018	0.443365	0.480358	0.416616	0.432459	3,826,510	161,355,000
03/07/2018	0.518744	0.529790	0.419611	0.441033	5,167,320	188,788,000
03/06/2018	0.574630	0.574630	0.515153	0.520415	3,842,020	209,127,000
03/05/2018	0.589127	0.598332	0.574038	0.574038	4,987,620	214,402,000
03/04/2018	0.605186	0.605186	0.565253	0.588827	5,696,730	220,247,000
03/03/2018	0.558903	0.650444	0.551955	0.604248	13,831,100	203,403,000
03/02/2018	0.577747	0.582508	0.545411	0.559432	3,871,040	210,261,000
03/01/2018	0.562847	0.584147	0.547041	0.580118	3,628,640	204,838,000
02/28/2018	0.601497	0.610982	0.558441	0.562876	3,715,230	218,904,000
02/27/2018	0.609773	0.622450	0.594034	0.602089	4,253,760	221,916,000
02/26/2018	0.583684	0.619611	0.575976	0.608362	4,207,410	212,422,000
02/25/2018	0.583157	0.590837	0.563728	0.583004	3,914,050	212,230,000
02/24/2018	0.622708	0.645407	0.560950	0.582987	4,741,220	226,624,000
02/23/2018	0.599367	0.629448	0.574739	0.624225	5,450,260	218,129,000
02/22/2018	0.650749	0.685627	0.589873	0.601347	4,626,560	236,829,000
02/21/2018	0.710122	0.726917	0.644525	0.656912	7,326,510	258,436,000
02/20/2018	0.782926	0.789447	0.709653	0.713467	9,239,310	284,858,000
02/19/2018	0.763334	0.796080	0.754037	0.782839	7,292,200	277,730,000
02/18/2018	0.848953	0.850035	0.745384	0.763284	9,726,510	308,881,000
02/17/2018	0.855574	0.867351	0.827123	0.854693	10,381,100	311,290,000
02/16/2018	0.839160	0.872687	0.779013	0.859056	16,187,800	305,318,000
02/15/2018	0.804252	0.840880	0.793346	0.822509	14,451,700	292,617,000
02/14/2018	0.761803	0.805524	0.747112	0.804278	9,308,520	277,172,000
02/13/2018	0.757135	0.784786	0.730864	0.733308	6,242,780	275,474,000
02/12/2018	0.710959	0.771643	0.708036	0.755942	7,994,700	258,674,000
02/11/2018	0.778334	0.778334	0.645612	0.701544	8,826,600	283,187,000
02/10/2018	0.744541	0.898589	0.738259	0.788239	36,865,000	270,892,000
02/09/2018	0.678174	0.751896	0.647209	0.751896	12,172,400	246,745,000
02/08/2018	0.648065	0.704992	0.629435	0.682638	22,832,800	235,790,000
02/07/2018	0.587004	0.700939	0.582594	0.645029	47,631,400	213,559,000
02/06/2018	0.488929	0.596668	0.378043	0.589116	20,396,700	177,878,000
02/05/2018	0.623040	0.634283	0.438687	0.481004	13,437,600	226,669,000
02/04/2018	0.738287	0.761323	0.594006	0.627483	14,861,700	268,597,000
02/03/2018	0.713390	0.763958	0.618336	0.739088	15,418,100	259,539,000
02/02/2018	0.753180	0.753180	0.500397	0.707711	19,128,100	274,015,000
02/01/2018	0.926123	0.927655	0.706134	0.752050	23,134,900	336,934,000
01/31/2018	0.882530	0.886002	0.779546	0.884864	26,705,200	321,074,000
01/30/2018	1.02	1.02	0.828787	0.848631	18,326,800	371,624,000
01/29/2018	1.07	1.07	0.953479	1.02	23,293,300	388,971,000
01/28/2018	1.06	1.08	1.02	1.07	26,650,500	384,572,000
01/27/2018	1.01	1.07	0.961957	1.05	31,323,000	367,518,000
01/26/2018	1.04	1.08	0.913299	1.01	25,616,100	379,216,000
01/25/2018	1.07	1.11	1.01	1.04	30,849,700	390,440,000
01/24/2018	1.07	1.10	1.00	1.06	34,370,100	387,734,000
01/23/2018	0.991394	1.13	0.958196	1.06	59,679,100	360,680,000
01/22/2018	1.08	1.11	0.905334	0.993227	29,653,700	392,637,000
01/21/2018	1.28	1.29	1.02	1.08	41,923,700	460,668,000
01/20/2018	1.20	1.34	1.19	1.29	80,887,400	432,403,000
01/19/2018	1.12	1.26	1.06	1.18	69,820,800	402,263,000
01/18/2018	1.08	1.23	1.02	1.12	58,776,700	390,942,000
01/17/2018	0.904559	1.12	0.625230	1.07	62,693,000	326,204,000
01/16/2018	1.27	1.27	0.692318	0.907884	65,623,200	456,857,000
01/15/2018	1.39	1.42	1.26	1.27	60,930,400	502,896,000
01/14/2018	1.55	1.55	1.31	1.40	28,549,300	560,289,000
01/13/2018	1.58	1.66	1.48	1.55	41,143,800	568,252,000
01/12/2018	1.45	1.63	1.33	1.57	48,800,800	523,033,000
01/11/2018	1.51	1.51	1.09	1.43	52,589,500	545,150,000
01/10/2018	1.66	1.66	1.34	1.53	43,363,400	598,788,000
01/09/2018	1.58	1.77	1.50	1.66	49,840,100	570,561,000
01/08/2018	1.80	1.80	1.39	1.58	34,045,100	647,807,000
01/07/2018	1.65	1.97	1.65	1.81	58,875,100	595,919,000
01/06/2018	1.41	1.77	1.34	1.64	53,990,500	504,005,000
01/05/2018	1.61	1.70	1.35	1.40	47,063,100	576,560,000
01/04/2018	1.81	2.01	1.55	1.59	80,542,200	650,087,000
01/03/2018	1.35	1.76	1.22	1.74	93,221,200	480,096,000
01/02/2018	1.07	1.34	1.07	1.28	91,753,300	379,411,000
01/01/2018	1.02	1.10	0.966561	1.06	48,577,100	362,957,000
12/31/2017	0.831415	1.07	0.822801	1.01	23,370,900	296,170,000
12/30/2017	0.966109	0.966109	0.777195	0.846537	16,038,800	344,152,000
12/29/2017	0.896765	1.01	0.871795	0.972021	25,643,100	319,446,000
12/28/2017	0.900555	0.904823	0.769176	0.876637	19,558,100	320,796,000
12/27/2017	0.944352	0.951680	0.866909	0.902262	24,716,000	336,398,000
12/26/2017	0.960351	1.02	0.881760	0.945188	31,604,200	342,097,000
12/25/2017	0.947366	0.998868	0.865791	0.974246	29,755,000	337,471,000
12/24/2017	0.987183	1.00	0.810746	0.940336	25,272,900	351,655,000
12/23/2017	0.871383	1.10	0.862608	0.962121	39,323,000	310,405,000
12/22/2017	1.16	1.20	0.618276	0.862285	44,064,100	412,839,000
12/21/2017	1.20	1.31	1.06	1.16	74,210,900	427,645,000
12/20/2017	1.06	1.21	0.878005	1.16	81,283,900	374,867,000
12/19/2017	1.08	1.21	1.02	1.06	64,852,600	380,934,000
12/18/2017	0.780846	1.17	0.780846	1.09	168,284,000	274,957,000
12/17/2017	0.684475	0.841245	0.680270	0.775526	57,766,700	241,022,000
12/16/2017	0.667227	0.714832	0.661181	0.686357	38,805,700	234,949,000
12/15/2017	0.723723	0.751795	0.594723	0.668100	47,130,100	254,093,000
12/14/2017	0.626618	0.790746	0.616981	0.718504	88,571,700	220,001,000
12/13/2017	0.579618	0.678058	0.540250	0.627483	54,559,900	203,499,000
12/12/2017	0.546496	0.588187	0.520113	0.580943	42,883,400	191,871,000
12/11/2017	0.505729	0.561003	0.501798	0.545032	44,072,100	177,558,000
12/10/2017	0.587794	0.589430	0.462540	0.511720	40,612,700	206,370,000
12/09/2017	0.553812	0.671494	0.553812	0.585786	55,770,000	194,439,000
12/08/2017	0.506800	0.599139	0.461959	0.556774	62,051,200	177,933,000
12/07/2017	0.610773	0.628219	0.489238	0.505571	51,676,400	214,436,000
12/06/2017	0.684174	0.687670	0.586134	0.611669	50,325,900	240,206,000
12/05/2017	0.735614	0.735614	0.679627	0.688834	28,795,700	258,266,000
12/04/2017	0.706309	0.749389	0.679353	0.740660	30,970,200	247,977,000
12/03/2017	0.702954	0.752195	0.677264	0.708239	35,004,500	246,799,000
12/02/2017	0.698503	0.729911	0.670184	0.702054	31,766,600	245,236,000
12/01/2017	0.653959	0.724002	0.616733	0.699235	61,480,800	229,598,000
11/30/2017	0.532228	0.708946	0.521676	0.659411	80,239,700	186,859,000
11/29/2017	0.629775	0.642421	0.493380	0.525557	40,299,400	221,107,000
11/28/2017	0.672135	0.738688	0.620961	0.630541	43,501,500	235,486,000
11/27/2017	0.768115	0.776564	0.655559	0.672835	41,706,300	269,113,000
11/26/2017	0.792866	0.800200	0.726698	0.762319	41,512,000	277,785,000
11/25/2017	0.790343	0.816808	0.781650	0.789455	30,718,000	276,901,000
11/24/2017	0.756625	0.843594	0.744370	0.794307	46,228,900	265,083,000
11/23/2017	0.848728	0.879933	0.727689	0.745673	86,768,500	297,012,000
11/22/2017	0.642765	0.952506	0.628696	0.840146	194,048,000	224,935,000
11/21/2017	0.564156	0.637127	0.453947	0.637127	81,946,800	196,975,000
11/20/2017	0.415823	0.710203	0.401325	0.559726	206,794,000	145,107,000
11/19/2017	0.304734	0.420343	0.296579	0.414196	61,053,800	106,341,000
11/18/2017	0.260864	0.305068	0.255361	0.305011	13,438,800	91,032,200
11/17/2017	0.244630	0.291286	0.229908	0.257452	18,239,400	85,364,000
11/16/2017	0.253112	0.268921	0.231429	0.245255	15,691,700	88,324,000
11/15/2017	0.275307	0.284849	0.231870	0.248700	17,382,700	96,015,400
11/14/2017	0.174396	0.298745	0.172280	0.275913	55,682,800	60,821,200
11/13/2017	0.148949	0.181288	0.144731	0.175871	3,725,560	51,456,700
11/12/2017	0.163862	0.167942	0.127300	0.146313	5,570,010	56,608,500
11/11/2017	0.170230	0.184976	0.157814	0.165206	3,131,360	58,808,600
11/10/2017	0.189471	0.213473	0.161041	0.174357	4,744,480	65,455,700
11/09/2017	0.181176	0.202713	0.175795	0.187390	4,413,010	62,589,900
11/08/2017	0.179857	0.198630	0.154298	0.179846	9,507,180	62,134,300
11/07/2017	0.224412	0.227878	0.163841	0.180334	10,396,100	77,526,500
11/06/2017	0.161005	0.231067	0.159316	0.221709	17,658,100	-
11/05/2017	0.125807	0.165983	0.124718	0.161085	8,740,810	-
11/04/2017	0.108171	0.129133	0.103376	0.126986	2,340,710	-
11/03/2017	0.106639	0.114947	0.084542	0.108752	4,855,080	-
11/02/2017	0.055665	0.166063	0.054823	0.121732	6,588,830	-
11/01/2017	0.056271	0.063499	0.045818	0.055671	1,017,460	-
