Date	Open	High	Low	Close	Volume	Market Cap
07/15/2018	7.66	7.99	7.59	7.82	106,939,000	678,879,000
07/14/2018	7.66	7.79	7.49	7.74	85,742,500	679,015,000
07/13/2018	7.52	7.91	7.52	7.66	93,324,600	667,182,000
07/12/2018	7.92	8.00	7.45	7.61	103,204,000	702,117,000
07/11/2018	7.84	8.02	7.72	7.92	94,374,800	695,268,000
07/10/2018	8.63	8.65	7.85	7.88	120,067,000	765,328,000
07/09/2018	8.97	9.05	8.61	8.62	117,174,000	795,604,000
07/08/2018	9.33	9.40	8.96	9.01	117,999,000	827,165,000
07/07/2018	9.05	9.51	8.87	9.34	145,485,000	802,069,000
07/06/2018	8.77	9.06	8.51	9.06	127,857,000	777,310,000
07/05/2018	8.99	9.20	8.58	8.81	125,399,000	797,340,000
07/04/2018	8.91	9.32	8.68	8.97	128,182,000	789,788,000
07/03/2018	9.16	9.41	8.85	8.91	131,291,000	812,362,000
07/02/2018	8.63	9.29	8.40	9.18	141,672,000	764,962,000
07/01/2018	8.58	8.95	8.37	8.69	131,067,000	760,855,000
06/30/2018	8.12	8.72	8.12	8.57	286,684,000	719,513,000
06/29/2018	7.97	8.23	7.72	8.11	85,193,500	706,317,000
06/28/2018	8.83	8.90	7.85	7.98	78,710,600	783,150,000
06/27/2018	8.31	9.31	8.22	8.85	124,461,000	736,943,000
06/26/2018	8.37	9.18	8.13	8.31	145,322,000	742,305,000
06/25/2018	8.24	8.54	7.95	8.47	80,553,800	730,847,000
06/24/2018	9.00	9.04	7.66	8.28	81,839,400	798,046,000
06/23/2018	9.02	9.17	8.68	8.95	75,209,300	799,994,000
06/22/2018	10.29	10.39	8.87	9.03	84,043,500	912,673,000
06/21/2018	10.45	10.73	10.25	10.32	85,294,300	926,676,000
06/20/2018	10.70	10.74	10.11	10.45	113,833,000	949,113,000
06/19/2018	10.80	10.84	10.48	10.69	181,246,000	957,860,000
06/18/2018	10.61	10.94	10.31	10.77	160,550,000	940,345,000
06/17/2018	10.77	10.83	10.57	10.63	156,520,000	954,761,000
06/16/2018	10.63	10.85	10.52	10.78	102,144,000	942,792,000
06/15/2018	11.18	11.19	10.61	10.70	103,048,000	991,253,000
06/14/2018	10.67	11.30	10.48	11.18	113,825,000	946,349,000
06/13/2018	11.29	11.40	10.32	10.65	113,990,000	1,000,940,000
06/12/2018	11.98	12.55	11.17	11.30	137,156,000	1,062,010,000
06/11/2018	11.60	12.04	11.44	11.98	117,110,000	1,028,280,000
06/10/2018	13.22	13.22	11.49	11.60	134,438,000	1,172,210,000
06/09/2018	13.41	13.62	13.22	13.22	115,646,000	1,188,810,000
06/08/2018	13.71	13.79	12.93	13.54	112,317,000	1,215,090,000
06/07/2018	13.77	14.00	13.61	13.69	116,089,000	1,220,910,000
06/06/2018	13.94	14.03	13.30	13.74	111,312,000	1,235,360,000
06/05/2018	13.72	14.05	13.31	13.90	125,679,000	1,216,320,000
06/04/2018	14.69	14.84	13.58	13.73	137,690,000	1,302,520,000
06/03/2018	14.69	14.92	14.61	14.71	138,318,000	1,302,480,000
06/02/2018	14.46	14.83	14.38	14.72	154,167,000	1,281,870,000
06/01/2018	13.36	14.50	13.29	14.47	152,020,000	1,184,140,000
05/31/2018	13.09	13.57	12.98	13.35	121,813,000	1,160,130,000
05/30/2018	13.18	13.52	12.85	13.08	122,833,000	1,168,110,000
05/29/2018	12.34	13.37	12.25	13.20	127,041,000	1,093,810,000
05/28/2018	13.31	13.46	12.31	12.41	123,898,000	1,179,210,000
05/27/2018	13.27	13.42	13.00	13.25	114,514,000	1,175,970,000
05/26/2018	13.32	13.69	13.13	13.23	110,855,000	1,180,020,000
05/25/2018	14.02	14.06	13.11	13.34	117,740,000	1,242,110,000
05/24/2018	13.37	14.27	12.84	14.00	142,782,000	1,185,200,000
05/23/2018	15.11	15.23	13.35	13.47	137,510,000	1,339,150,000
05/22/2018	16.33	16.36	14.96	15.16	133,593,000	1,446,970,000
05/21/2018	16.84	16.93	16.13	16.32	147,283,000	1,492,250,000
05/20/2018	16.12	17.17	15.94	16.80	144,048,000	1,428,650,000
05/19/2018	16.08	16.36	15.59	16.07	119,203,000	1,424,440,000
05/18/2018	15.48	16.12	15.15	16.07	136,197,000	1,371,430,000
05/17/2018	16.62	17.06	15.27	15.54	197,268,000	1,472,920,000
05/16/2018	17.00	17.00	15.96	16.57	216,533,000	1,506,020,000
05/15/2018	18.06	18.61	16.88	17.03	163,231,000	1,600,430,000
05/14/2018	17.50	18.73	16.41	18.06	189,401,000	1,550,160,000
05/13/2018	16.39	18.01	16.03	17.48	117,365,000	1,452,290,000
05/12/2018	16.13	16.82	14.76	16.40	162,165,000	1,429,080,000
05/11/2018	18.58	18.65	15.70	16.23	202,450,000	1,646,170,000
05/10/2018	20.21	20.38	18.55	18.59	168,132,000	1,790,330,000
05/09/2018	20.87	20.87	19.51	20.20	144,154,000	1,848,580,000
05/08/2018	21.58	21.92	20.56	20.87	182,507,000	1,911,210,000
05/07/2018	22.90	22.90	20.91	21.57	223,002,000	2,028,420,000
05/06/2018	22.51	23.66	21.83	22.92	333,259,000	1,993,370,000
05/05/2018	22.21	23.02	22.14	22.51	220,967,000	1,967,500,000
05/04/2018	22.84	23.51	21.81	22.23	246,099,000	2,022,560,000
05/03/2018	22.34	23.33	21.94	22.90	259,997,000	1,978,190,000
05/02/2018	22.23	22.47	21.71	22.36	195,646,000	1,968,990,000
05/01/2018	22.71	22.71	21.13	22.12	229,135,000	2,011,540,000
04/30/2018	23.15	25.60	22.12	22.64	414,455,000	2,050,300,000
04/29/2018	21.80	23.56	20.64	23.06	374,563,000	1,930,910,000
04/28/2018	19.89	22.13	19.89	21.79	245,489,000	1,760,990,000
04/27/2018	21.22	21.26	19.97	19.97	209,527,000	1,878,920,000
04/26/2018	19.25	21.28	18.60	21.15	230,351,000	1,704,480,000
04/25/2018	22.78	22.78	18.50	19.17	275,425,000	2,017,070,000
04/24/2018	20.47	23.70	20.47	23.05	311,035,000	1,812,570,000
04/23/2018	19.57	20.75	19.57	20.50	233,026,000	1,732,490,000
04/22/2018	19.28	19.99	18.66	19.39	168,798,000	1,706,920,000
04/21/2018	20.35	20.74	18.19	19.34	209,811,000	1,801,790,000
04/20/2018	18.71	20.60	18.21	20.31	243,845,000	1,656,840,000
04/19/2018	17.60	18.72	17.48	18.72	212,701,000	1,558,020,000
04/18/2018	16.34	17.60	16.29	17.55	243,663,000	1,446,610,000
04/17/2018	16.53	16.94	16.01	16.37	188,057,000	1,463,110,000
04/16/2018	16.78	16.91	15.69	16.32	195,194,000	1,485,590,000
04/15/2018	15.84	16.91	15.84	16.85	177,596,000	1,402,040,000
04/14/2018	15.67	16.28	15.39	15.81	203,908,000	1,387,090,000
04/13/2018	16.27	17.26	15.57	15.57	326,062,000	1,440,610,000
04/12/2018	14.39	16.48	13.77	16.36	227,065,000	1,273,610,000
04/11/2018	13.46	14.43	13.45	14.43	129,214,000	1,191,690,000
04/10/2018	13.50	13.60	12.97	13.44	89,319,900	1,194,620,000
04/09/2018	13.46	14.48	13.18	13.46	125,374,000	1,191,330,000
04/08/2018	13.19	13.59	12.78	13.46	74,875,900	1,167,640,000
04/07/2018	12.86	13.51	12.84	13.17	82,806,500	1,138,120,000
04/06/2018	13.43	13.58	12.62	12.88	78,152,100	1,188,400,000
04/05/2018	13.63	13.72	12.99	13.52	97,377,600	1,206,610,000
04/04/2018	15.19	15.21	13.30	13.64	94,847,800	1,343,870,000
04/03/2018	14.43	15.24	14.29	15.23	126,352,000	1,276,670,000
04/02/2018	13.53	14.65	13.37	14.39	118,403,000	1,196,880,000
04/01/2018	14.26	14.40	12.79	13.46	91,857,800	1,261,700,000
03/31/2018	14.34	14.88	14.18	14.25	85,937,600	1,268,940,000
03/30/2018	14.28	14.96	13.54	14.38	116,895,000	1,263,480,000
03/29/2018	15.71	15.77	14.13	14.34	112,786,000	1,390,300,000
03/28/2018	15.30	16.26	15.30	15.68	113,916,000	1,353,700,000
03/27/2018	16.16	16.94	14.76	15.31	158,893,000	1,429,790,000
03/26/2018	18.02	18.24	15.31	16.24	251,406,000	1,594,290,000
03/25/2018	17.88	18.42	17.72	18.02	191,429,000	1,581,530,000
03/24/2018	18.62	19.27	17.97	18.07	204,349,000	1,647,170,000
03/23/2018	19.29	19.29	17.86	18.45	197,627,000	1,706,870,000
03/22/2018	20.02	20.29	18.10	19.53	257,545,000	1,770,820,000
03/21/2018	20.99	21.27	18.93	19.77	298,078,000	1,552,570,000
03/20/2018	21.14	22.08	18.51	20.77	681,013,000	1,563,690,000
03/19/2018	13.44	20.70	13.31	20.29	445,147,000	994,298,000
03/18/2018	13.54	13.73	11.18	13.48	134,149,000	1,001,320,000
03/17/2018	14.95	15.10	13.08	13.57	97,763,200	1,105,950,000
03/16/2018	15.77	15.88	14.66	14.98	105,734,000	1,166,070,000
03/15/2018	16.12	16.49	14.49	15.72	134,349,000	1,192,180,000
03/14/2018	18.19	18.73	15.87	16.19	96,771,400	1,344,980,000
03/13/2018	18.35	18.80	17.87	18.18	102,287,000	1,357,120,000
03/12/2018	19.56	19.95	18.03	18.46	122,222,000	1,446,380,000
03/11/2018	18.38	19.97	17.57	19.71	115,316,000	1,359,220,000
03/10/2018	19.57	20.15	18.13	18.21	118,137,000	1,447,140,000
03/09/2018	19.88	20.14	17.34	19.53	170,261,000	1,469,470,000
03/08/2018	21.82	22.35	19.92	20.03	153,725,000	1,612,900,000
03/07/2018	25.10	25.57	21.10	21.93	116,397,000	1,855,620,000
03/06/2018	26.44	26.97	24.99	25.10	98,457,100	1,954,670,000
03/05/2018	26.52	27.48	26.02	26.61	108,682,000	1,960,710,000
03/04/2018	25.86	26.52	25.01	26.43	75,106,700	1,911,850,000
03/03/2018	26.10	26.63	25.69	25.79	76,812,600	1,929,580,000
03/02/2018	26.84	27.07	25.50	26.08	76,210,100	1,983,610,000
03/01/2018	26.31	26.97	25.93	26.82	95,387,700	1,944,900,000
02/28/2018	27.94	28.40	26.19	26.22	98,749,300	2,065,060,000
02/27/2018	28.98	29.50	27.91	28.00	152,214,000	2,142,110,000
02/26/2018	25.99	29.94	25.01	28.81	263,836,000	1,921,130,000
02/25/2018	26.51	26.58	25.02	25.94	74,345,300	1,959,450,000
02/24/2018	28.11	28.88	25.75	26.60	109,964,000	2,077,340,000
02/23/2018	26.25	28.10	25.04	28.10	127,678,000	1,940,130,000
02/22/2018	28.53	29.11	25.56	26.37	135,016,000	2,108,060,000
02/21/2018	30.88	30.92	27.85	28.56	176,591,000	2,281,560,000
02/20/2018	32.72	33.41	31.02	31.11	203,359,000	2,417,680,000
02/19/2018	31.41	32.93	31.19	32.66	197,224,000	2,321,060,000
02/18/2018	33.47	33.68	29.97	31.24	181,070,000	2,473,010,000
02/17/2018	33.17	33.69	32.67	33.56	178,525,000	2,450,940,000
02/16/2018	33.03	33.95	31.99	33.02	166,522,000	2,440,380,000
02/15/2018	32.42	33.53	31.91	33.06	222,910,000	2,394,940,000
02/14/2018	30.04	32.62	29.99	32.55	334,300,000	2,219,240,000
02/13/2018	30.21	30.46	28.55	30.11	242,714,000	2,231,570,000
02/12/2018	27.58	30.81	27.58	30.13	212,954,000	2,037,250,000
02/11/2018	30.21	30.21	26.26	27.48	258,212,000	2,231,910,000
02/10/2018	30.83	34.59	29.09	30.27	421,275,000	2,277,460,000
02/09/2018	27.79	31.59	25.98	31.16	618,154,000	2,052,790,000
02/08/2018	21.95	27.38	21.95	26.48	276,759,000	1,621,640,000
02/07/2018	24.09	24.53	20.99	21.78	238,850,000	1,779,020,000
02/06/2018	20.93	24.32	16.67	24.05	386,634,000	1,545,600,000
02/05/2018	26.24	26.76	19.64	20.54	200,730,000	1,937,850,000
02/04/2018	29.72	30.68	25.38	26.19	219,327,000	2,195,080,000
02/03/2018	30.39	31.62	25.77	29.93	305,047,000	2,244,470,000
02/02/2018	35.56	35.56	22.31	30.26	566,508,000	2,626,060,000
02/01/2018	42.10	42.10	34.71	35.68	371,498,000	3,108,800,000
01/31/2018	37.30	42.38	34.62	42.12	437,472,000	2,754,250,000
01/30/2018	43.60	43.64	36.71	37.33	275,840,000	3,219,350,000
01/29/2018	43.84	45.51	42.33	43.41	412,998,000	3,236,940,000
01/28/2018	39.74	44.08	39.74	43.76	346,952,000	2,934,440,000
01/27/2018	39.77	40.48	38.15	39.58	228,016,000	2,936,640,000
01/26/2018	40.41	41.73	35.83	39.70	378,512,000	2,983,480,000
01/25/2018	40.93	41.98	39.68	40.72	330,419,000	3,021,830,000
01/24/2018	39.05	42.40	38.25	40.51	412,605,000	2,883,110,000
01/23/2018	40.03	41.09	35.62	39.15	455,691,000	2,955,640,000
01/22/2018	43.19	43.95	36.59	39.97	665,031,000	3,188,600,000
01/21/2018	51.71	51.79	40.91	42.82	1,472,770,000	3,817,440,000
01/20/2018	39.22	51.26	39.11	51.26	1,389,340,000	2,895,050,000
01/19/2018	36.97	41.46	36.19	39.19	594,885,000	2,728,690,000
01/18/2018	36.05	39.91	34.23	37.37	731,389,000	2,661,040,000
01/17/2018	35.54	37.99	27.63	36.47	1,005,590,000	2,623,560,000
01/16/2018	52.23	52.23	28.97	36.03	976,913,000	3,855,430,000
01/15/2018	54.07	58.28	52.18	52.58	1,558,480,000	3,990,880,000
01/14/2018	54.83	55.07	48.35	54.08	758,722,000	4,046,680,000
01/13/2018	50.45	56.27	50.37	54.70	881,216,000	3,723,670,000
01/12/2018	46.01	51.92	44.42	50.41	764,812,000	3,395,810,000
01/11/2018	53.65	53.83	43.68	45.75	732,454,000	3,959,310,000
01/10/2018	53.42	56.36	49.90	54.08	853,001,000	3,942,310,000
01/09/2018	55.78	58.38	52.09	53.21	837,431,000	4,116,560,000
01/08/2018	86.17	89.11	49.96	55.98	1,023,570,000	6,358,230,000
01/07/2018	94.06	106.88	83.57	85.77	1,707,140,000	6,940,930,000
01/06/2018	62.95	105.41	59.95	94.67	1,998,570,000	4,644,760,000
01/05/2018	57.39	70.89	54.79	62.70	1,356,740,000	4,234,740,000
01/04/2018	59.06	61.48	55.95	57.47	744,457,000	4,357,860,000
01/03/2018	60.54	61.01	57.29	59.09	673,650,000	4,466,390,000
01/02/2018	61.19	62.46	59.75	60.72	597,468,000	4,514,720,000
01/01/2018	62.31	64.08	59.87	60.88	708,818,000	4,597,210,000
12/31/2017	60.20	65.01	59.20	62.40	690,938,000	4,441,130,000
12/30/2017	58.68	67.69	54.36	60.49	1,203,780,000	4,329,060,000
12/29/2017	56.35	60.47	53.33	58.71	876,085,000	4,156,560,000
12/28/2017	54.44	56.64	46.41	56.23	838,698,000	4,015,530,000
12/27/2017	55.76	56.39	52.72	54.11	539,542,000	4,113,280,000
12/26/2017	58.22	59.99	55.42	55.95	652,554,000	4,294,180,000
12/25/2017	54.00	59.79	51.23	58.09	976,115,000	3,982,900,000
12/24/2017	56.71	57.37	49.00	53.64	692,470,000	4,182,730,000
12/23/2017	50.84	60.20	50.71	57.26	913,925,000	3,749,710,000
12/22/2017	63.27	63.27	36.35	49.48	1,101,630,000	4,665,870,000
12/21/2017	63.82	69.24	56.87	62.23	905,593,000	4,706,660,000
12/20/2017	67.72	69.07	57.71	63.64	1,025,680,000	4,994,350,000
12/19/2017	51.96	77.75	51.30	67.75	2,134,470,000	3,831,880,000
12/18/2017	29.66	56.06	27.84	51.85	2,427,870,000	2,187,330,000
12/17/2017	29.19	30.30	28.63	29.62	399,361,000	2,152,090,000
12/16/2017	30.15	31.53	28.48	29.00	609,254,000	2,222,900,000
12/15/2017	20.68	32.65	17.69	30.54	1,227,400,000	1,524,900,000
12/14/2017	17.16	20.63	17.02	20.48	389,613,000	1,264,910,000
12/13/2017	14.81	19.29	14.80	17.31	541,413,000	1,091,760,000
12/12/2017	13.57	15.12	13.28	14.76	253,559,000	1,000,140,000
12/11/2017	11.02	14.60	11.00	13.55	218,917,000	812,116,000
12/10/2017	12.09	12.09	10.74	11.05	106,888,000	891,217,000
12/09/2017	12.77	12.77	11.54	12.08	124,125,000	941,021,000
12/08/2017	12.53	13.06	11.99	12.79	153,972,000	923,477,000
12/07/2017	11.95	14.93	11.67	12.56	262,721,000	880,877,000
12/06/2017	13.12	13.14	11.86	11.96	136,931,000	967,196,000
12/05/2017	13.69	13.95	13.08	13.08	106,446,000	1,009,240,000
12/04/2017	13.15	14.00	12.68	13.62	139,016,000	968,910,000
12/03/2017	13.03	13.68	12.49	13.15	101,683,000	959,947,000
12/02/2017	13.15	13.45	12.55	13.00	106,410,000	969,375,000
12/01/2017	12.87	13.28	12.13	13.16	77,540,700	948,229,000
11/30/2017	12.49	13.53	11.44	12.95	116,134,000	920,799,000
11/29/2017	15.44	15.44	12.27	12.45	169,681,000	1,137,980,000
11/28/2017	14.76	15.90	14.60	15.49	248,416,000	1,087,670,000
11/27/2017	14.69	14.95	14.22	14.79	141,497,000	1,082,680,000
11/26/2017	14.51	15.01	14.23	14.79	115,807,000	1,068,960,000
11/25/2017	14.37	14.82	14.09	14.49	143,624,000	1,059,050,000
11/24/2017	13.95	14.43	13.54	14.43	153,144,000	1,027,570,000
11/23/2017	14.22	14.22	13.81	13.95	116,380,000	1,047,380,000
11/22/2017	14.05	14.26	13.85	14.20	91,778,300	1,035,430,000
11/21/2017	14.80	14.94	13.46	14.15	158,550,000	1,090,630,000
11/20/2017	14.00	15.30	14.00	14.77	160,773,000	1,031,670,000
11/19/2017	14.01	14.11	13.66	14.03	61,181,300	1,032,340,000
11/18/2017	13.52	14.16	13.12	14.02	116,168,000	996,077,000
11/17/2017	12.83	13.37	12.55	13.37	109,115,000	945,173,000
11/16/2017	11.68	13.90	11.63	12.89	317,008,000	860,619,000
11/15/2017	11.54	11.74	11.50	11.72	43,757,700	849,764,000
11/14/2017	11.41	11.69	11.23	11.60	73,833,600	840,602,000
11/13/2017	11.10	11.51	11.09	11.42	73,428,300	817,728,000
11/12/2017	11.59	11.66	10.89	11.11	116,105,000	853,805,000
11/11/2017	11.30	12.17	11.30	11.65	113,139,000	832,533,000
11/10/2017	11.97	12.31	11.07	11.29	131,906,000	881,364,000
11/09/2017	11.88	12.45	11.73	11.94	116,434,000	874,753,000
11/08/2017	11.18	12.12	10.99	11.91	196,034,000	823,231,000
11/07/2017	10.32	11.45	10.32	11.21	122,951,000	760,320,000
11/06/2017	10.13	11.18	10.06	10.44	116,937,000	745,802,000
11/05/2017	10.04	10.43	9.96	10.13	49,288,500	739,113,000
11/04/2017	10.31	10.40	9.82	10.05	35,477,100	759,110,000
11/03/2017	9.77	10.42	9.70	10.38	55,018,600	719,701,000
11/02/2017	9.95	10.04	9.35	9.80	54,501,600	732,691,000
11/01/2017	10.41	10.41	9.92	9.93	26,591,700	766,698,000
10/31/2017	10.38	10.88	10.35	10.45	43,306,600	764,029,000
10/30/2017	10.39	10.48	10.29	10.39	21,781,900	765,031,000
10/29/2017	10.19	10.54	10.18	10.42	40,119,600	750,443,000
10/28/2017	10.33	10.38	10.18	10.21	23,588,200	760,135,000
10/27/2017	10.56	10.63	10.26	10.30	27,344,700	777,594,000
10/26/2017	10.66	10.79	10.45	10.57	26,461,700	784,784,000
10/25/2017	10.78	10.92	10.37	10.65	48,104,100	793,779,000
10/24/2017	9.96	11.46	9.52	10.76	118,813,000	733,399,000
10/23/2017	10.59	10.60	9.75	9.96	50,654,800	779,244,000
10/22/2017	10.97	11.06	10.56	10.63	33,890,300	807,214,000
10/21/2017	11.25	11.35	10.50	10.91	56,075,000	828,306,000
10/20/2017	12.10	15.12	11.19	11.30	304,281,000	890,682,000
10/19/2017	11.46	12.22	11.35	12.07	49,308,300	688,986,000
10/18/2017	12.04	12.04	10.78	11.49	53,960,300	710,326,000
10/17/2017	11.48	12.27	11.03	12.05	57,046,400	677,311,000
10/16/2017	10.46	11.65	10.23	11.49	37,568,400	616,895,000
10/15/2017	10.64	10.66	10.09	10.44	22,057,700	627,948,000
10/14/2017	11.26	11.45	10.62	10.63	17,709,400	664,129,000
10/13/2017	11.30	11.30	10.31	11.25	44,760,500	666,714,000
10/12/2017	12.13	12.21	11.29	11.29	31,335,300	715,782,000
10/11/2017	12.04	12.29	11.87	12.13	28,771,600	710,230,000
10/10/2017	12.04	12.54	11.55	12.08	50,232,800	710,536,000
10/09/2017	11.14	12.49	10.96	12.07	57,974,000	657,304,000
10/08/2017	11.96	12.11	11.14	11.14	34,305,900	705,791,000
10/07/2017	11.67	11.94	11.51	11.94	19,498,800	688,284,000
10/06/2017	11.87	11.91	11.50	11.69	23,341,500	700,544,000
10/05/2017	11.60	11.98	10.82	11.86	67,610,800	684,358,000
10/04/2017	12.16	12.28	11.51	11.63	77,387,000	717,223,000
10/03/2017	11.91	12.12	10.78	12.12	95,756,400	702,872,000
10/02/2017	12.36	12.38	11.43	11.88	69,789,000	729,062,000
10/01/2017	11.59	12.61	11.58	12.34	162,762,000	683,566,000
09/30/2017	9.77	11.65	9.75	11.59	141,320,000	576,371,000
09/29/2017	9.96	10.00	9.15	9.77	79,526,300	587,845,000
09/28/2017	9.95	10.10	9.06	9.93	95,333,300	586,983,000
09/27/2017	9.37	9.90	9.35	9.90	59,847,700	552,811,000
09/26/2017	9.38	10.30	9.17	9.34	104,988,000	553,598,000
09/25/2017	8.03	9.60	8.03	9.36	82,385,100	473,818,000
09/24/2017	8.10	8.28	7.79	8.04	28,266,800	477,945,000
09/23/2017	7.70	8.21	7.48	8.11	40,760,800	454,162,000
09/22/2017	7.34	7.91	7.27	7.68	42,861,600	433,000,000
09/21/2017	8.77	8.81	7.34	7.38	38,239,000	517,612,000
09/20/2017	8.92	9.05	8.47	8.79	38,916,900	526,414,000
09/19/2017	9.65	9.70	8.75	8.91	66,250,600	569,633,000
09/18/2017	8.31	10.51	8.31	9.62	167,586,000	490,417,000
09/17/2017	8.19	8.79	7.59	8.27	69,847,200	482,927,000
09/16/2017	8.49	8.97	7.44	8.25	97,992,200	500,809,000
09/15/2017	7.72	9.31	5.91	8.47	242,984,000	455,212,000
09/14/2017	11.94	12.18	7.60	7.60	137,040,000	704,415,000
09/13/2017	13.45	13.53	11.60	11.94	185,348,000	793,825,000
09/12/2017	14.38	15.31	12.86	13.51	156,187,000	848,364,000
09/11/2017	12.64	14.79	12.55	14.28	165,283,000	745,787,000
09/10/2017	13.27	13.34	11.38	12.78	172,687,000	783,150,000
09/09/2017	13.40	13.63	12.46	13.32	99,008,100	790,322,000
09/08/2017	14.74	16.07	12.44	13.50	294,169,000	869,878,000
09/07/2017	11.40	14.77	10.69	14.74	195,986,000	672,888,000
09/06/2017	11.73	12.49	10.34	11.40	141,347,000	691,921,000
09/05/2017	11.07	12.07	8.77	11.71	218,917,000	653,177,000
09/04/2017	15.29	15.44	10.22	10.98	161,203,000	902,407,000
09/03/2017	16.41	16.74	14.19	15.29	98,105,400	967,971,000
09/02/2017	18.26	19.06	15.51	16.39	123,479,000	1,077,370,000
09/01/2017	17.30	18.47	16.94	18.26	73,618,500	1,020,980,000
08/31/2017	16.72	18.08	16.69	17.30	76,872,500	986,295,000
08/30/2017	19.05	19.05	14.58	16.84	145,512,000	1,124,200,000
08/29/2017	16.28	20.04	16.28	19.15	216,784,000	960,486,000
08/28/2017	15.66	16.35	14.86	16.24	82,850,200	923,722,000
08/27/2017	15.42	15.86	14.74	15.70	56,474,400	909,788,000
08/26/2017	13.26	15.89	12.97	15.41	88,172,500	782,374,000
08/25/2017	13.75	13.85	12.85	13.32	26,327,100	811,035,000
08/24/2017	11.87	14.13	11.64	13.78	72,955,500	700,167,000
08/23/2017	11.05	12.47	11.04	11.90	36,722,000	651,839,000
08/22/2017	11.20	11.41	10.17	11.06	25,086,300	660,585,000
08/21/2017	11.80	11.87	10.82	11.23	29,380,800	696,434,000
08/20/2017	11.54	12.35	10.82	11.79	40,638,800	680,885,000
08/19/2017	11.62	12.36	9.69	11.64	54,327,300	685,316,000
08/18/2017	13.09	13.09	11.00	11.63	43,226,400	772,302,000
08/17/2017	14.36	14.37	12.82	13.06	50,489,100	847,017,000
08/16/2017	14.67	15.42	14.15	14.35	59,126,000	865,463,000
08/15/2017	15.01	15.30	13.83	14.68	62,353,100	885,415,000
08/14/2017	15.10	17.16	14.36	15.06	103,750,000	890,836,000
08/13/2017	13.92	15.84	12.79	15.17	75,650,500	821,280,000
08/12/2017	14.73	15.47	12.85	13.90	59,321,200	868,962,000
08/11/2017	15.63	16.36	14.33	14.73	91,215,900	922,433,000
08/10/2017	12.55	16.99	12.42	15.77	133,259,000	740,715,000
08/09/2017	11.49	12.63	11.07	12.55	52,016,000	677,866,000
08/08/2017	12.64	12.74	10.84	11.50	63,155,600	746,010,000
08/07/2017	10.03	12.84	9.88	12.65	95,630,200	591,790,000
08/06/2017	9.34	10.83	9.08	10.07	54,977,800	550,855,000
08/05/2017	8.22	9.52	7.80	9.38	42,482,900	484,803,000
08/04/2017	7.68	8.71	7.68	8.22	31,879,600	452,969,000
08/03/2017	6.42	7.86	6.17	7.65	30,278,900	378,741,000
08/02/2017	6.56	6.69	6.32	6.43	11,978,000	387,234,000
08/01/2017	6.12	6.67	5.74	6.49	20,864,300	361,165,000
07/31/2017	5.53	6.36	5.43	6.12	13,123,400	326,029,000
07/30/2017	5.77	5.84	5.46	5.53	3,168,030	340,554,000
07/29/2017	5.80	5.86	5.38	5.78	5,188,990	342,217,000
07/28/2017	6.23	6.31	5.74	5.75	7,599,310	367,403,000
07/27/2017	6.29	6.42	6.02	6.21	10,757,800	370,867,000
07/26/2017	6.14	6.49	5.28	6.26	20,824,500	362,203,000
07/25/2017	7.31	7.61	5.68	6.13	22,782,500	372,639,000
07/24/2017	6.67	7.30	6.46	7.26	12,601,300	339,927,000
07/23/2017	7.55	7.62	6.14	6.64	23,752,700	385,277,000
07/22/2017	7.81	7.99	7.48	7.52	16,650,500	398,441,000
07/21/2017	7.84	9.15	7.01	7.84	48,210,600	399,824,000
07/20/2017	5.69	7.68	5.69	7.59	33,148,900	289,993,000
07/19/2017	5.18	6.62	4.79	5.62	29,526,300	264,087,000
07/18/2017	4.41	5.35	4.27	5.18	16,788,400	224,792,000
07/17/2017	3.91	4.47	3.91	4.38	7,531,300	199,276,000
07/16/2017	3.93	4.24	3.71	3.93	5,467,430	200,412,000
07/15/2017	4.54	4.55	3.86	3.88	6,403,170	231,785,000
07/14/2017	5.11	5.18	4.47	4.53	6,385,700	260,726,000
07/13/2017	5.65	6.12	5.02	5.11	8,076,010	288,266,000
07/12/2017	4.67	5.69	4.36	5.59	11,808,500	-
07/11/2017	5.23	5.42	3.89	4.82	11,515,200	-
07/10/2017	6.42	6.75	5.03	5.38	5,648,270	-
07/09/2017	6.91	7.58	6.35	6.36	6,985,260	-
07/08/2017	6.90	7.11	5.64	6.86	12,481,200	-
07/07/2017	8.73	8.75	6.67	6.87	7,176,910	-
07/06/2017	8.44	9.35	7.95	8.75	13,670,300	-
07/05/2017	9.33	9.33	7.96	8.30	8,151,290	-
07/04/2017	9.24	9.94	8.92	9.27	8,178,690	-
07/03/2017	9.33	10.08	8.56	9.19	15,403,500	-
07/02/2017	10.41	10.41	8.18	9.45	23,967,300	-
07/01/2017	11.96	12.12	10.37	10.39	10,832,000	-
06/30/2017	12.46	12.57	11.66	12.03	14,022,600	-
06/29/2017	14.09	14.09	12.33	12.48	18,516,000	-
06/28/2017	14.68	15.68	12.97	13.83	40,650,500	-
06/27/2017	12.27	15.19	11.94	14.47	42,563,100	-
06/26/2017	14.96	14.96	10.64	12.61	25,803,900	-
06/25/2017	16.34	16.70	14.36	14.92	22,702,400	-
06/24/2017	16.80	18.85	16.02	16.35	34,660,100	-
06/23/2017	12.13	18.58	11.97	16.99	66,737,400	-
06/22/2017	11.92	12.45	11.74	12.10	16,740,600	-
06/21/2017	11.40	12.55	11.38	11.83	10,464,200	-
06/20/2017	10.57	12.88	10.44	11.49	22,123,200	-
06/19/2017	10.49	11.30	10.26	10.59	12,893,100	-
06/18/2017	11.25	11.29	10.40	10.58	5,475,110	-
06/17/2017	11.24	11.45	11.02	11.25	6,961,310	-
06/16/2017	11.11	11.73	10.69	11.29	7,179,610	-
06/15/2017	11.80	11.80	9.80	11.11	13,740,900	-
06/14/2017	12.40	13.01	11.29	11.77	18,671,800	-
06/13/2017	11.06	12.52	10.97	12.42	16,198,200	-
06/12/2017	11.77	11.82	10.87	10.96	8,663,550	-
06/11/2017	11.36	12.23	11.10	11.76	11,384,700	-
06/10/2017	11.75	12.10	11.12	11.33	14,370,200	-
06/09/2017	12.35	13.12	11.30	11.74	14,694,100	-
06/08/2017	10.92	12.54	10.26	12.35	12,978,300	-
06/07/2017	11.57	11.86	10.93	10.97	6,104,140	-
06/06/2017	10.98	12.02	10.17	11.50	11,135,000	-
06/05/2017	12.13	12.58	10.88	11.17	10,290,000	-
06/04/2017	12.73	12.78	11.34	12.15	15,253,900	-
06/03/2017	13.17	13.70	11.39	12.54	39,565,100	-
06/02/2017	7.86	13.60	7.86	13.46	54,232,400	-
06/01/2017	4.86	8.37	4.78	7.79	28,193,200	-
05/31/2017	4.61	4.88	4.50	4.86	3,011,070	-
05/30/2017	4.62	5.07	4.53	4.65	2,836,480	-
05/29/2017	4.64	4.88	4.36	4.60	2,205,420	-
05/28/2017	4.86	5.06	4.19	4.62	4,353,380	-
05/27/2017	4.05	4.53	3.19	4.53	7,046,840	-
05/26/2017	4.66	5.33	3.39	4.10	5,116,020	-
05/25/2017	6.19	6.29	4.57	4.66	6,211,020	-
05/24/2017	6.42	6.76	5.68	6.19	11,221,600	-
