Date	Open	High	Low	Close	Volume	Market Cap
07/15/2018	28.48	29.01	27.80	28.63	3,537,720	313,328,000
07/14/2018	28.12	28.63	27.68	28.50	2,083,570	309,308,000
07/13/2018	30.35	30.81	27.76	28.13	9,152,230	333,825,000
07/12/2018	32.03	32.03	29.90	30.24	3,290,510	352,312,000
07/11/2018	30.93	32.10	30.27	32.04	3,034,290	340,219,000
07/10/2018	34.37	34.37	30.94	30.94	2,929,920	378,052,000
07/09/2018	34.15	35.15	33.81	34.37	4,633,060	375,695,000
07/08/2018	35.50	36.17	33.50	34.14	7,382,960	390,510,000
07/07/2018	36.43	36.45	32.74	35.62	8,274,310	400,761,000
07/06/2018	36.00	38.32	35.93	36.45	8,489,630	396,040,000
07/05/2018	35.46	36.78	35.40	35.93	3,518,330	390,092,000
07/04/2018	35.28	36.77	34.64	35.50	3,491,170	388,102,000
07/03/2018	36.68	37.75	35.25	35.30	3,386,620	403,438,000
07/02/2018	34.50	36.90	33.69	36.68	4,567,680	379,468,000
07/01/2018	35.37	36.31	34.04	34.50	2,825,850	389,047,000
06/30/2018	32.50	36.60	32.50	36.39	5,422,980	357,453,000
06/29/2018	30.30	33.08	30.08	32.44	4,835,330	333,296,000
06/28/2018	29.88	35.17	29.60	30.29	6,464,180	328,664,000
06/27/2018	30.11	30.14	29.15	29.83	1,751,470	331,257,000
06/26/2018	31.87	31.89	30.02	30.12	2,824,790	350,519,000
06/25/2018	30.55	31.99	30.04	31.85	2,005,850	336,091,000
06/24/2018	30.43	30.70	28.24	30.58	2,651,980	334,719,000
06/23/2018	30.56	31.45	30.31	30.60	1,087,170	336,198,000
06/22/2018	34.75	35.07	29.68	30.53	3,733,820	382,280,000
06/21/2018	36.13	36.42	34.65	34.77	1,758,930	397,475,000
06/20/2018	36.54	36.54	34.25	36.12	3,080,910	401,988,000
06/19/2018	34.47	36.58	33.89	36.46	3,355,340	379,219,000
06/18/2018	33.60	34.50	32.78	34.47	2,605,970	369,654,000
06/17/2018	33.27	33.96	32.86	33.68	2,479,350	365,972,000
06/16/2018	32.79	33.44	32.33	33.27	2,159,420	360,644,000
06/15/2018	34.53	34.62	32.35	32.80	3,579,260	379,825,000
06/14/2018	30.74	35.03	30.60	34.67	3,532,230	338,192,000
06/13/2018	31.22	31.38	29.62	30.74	3,021,760	343,461,000
06/12/2018	33.46	34.28	30.93	31.15	3,236,780	368,041,000
06/11/2018	32.86	33.51	32.28	33.51	1,659,800	361,447,000
06/10/2018	37.32	37.32	32.52	32.85	2,415,420	410,492,000
06/09/2018	38.33	38.83	37.29	37.29	1,480,030	421,615,000
06/08/2018	38.92	38.94	37.68	38.34	1,401,760	428,069,000
06/07/2018	38.17	39.90	38.17	38.90	3,979,290	419,833,000
06/06/2018	38.07	38.45	37.20	38.14	2,999,650	418,797,000
06/05/2018	37.62	38.78	36.40	38.15	2,603,590	413,836,000
06/04/2018	40.28	40.43	37.21	37.59	3,639,800	443,087,000
06/03/2018	40.68	41.39	40.16	40.37	3,603,340	447,492,000
06/02/2018	39.28	40.75	38.36	40.73	4,282,660	432,065,000
06/01/2018	38.40	39.32	37.35	39.32	4,837,040	422,444,000
05/31/2018	36.71	38.50	35.86	38.33	5,226,430	403,780,000
05/30/2018	37.73	41.88	35.60	36.56	22,659,900	415,076,000
05/29/2018	33.11	38.19	32.89	37.65	7,646,880	364,185,000
05/28/2018	38.48	38.67	33.06	33.12	4,541,680	423,299,000
05/27/2018	39.32	39.34	38.24	38.42	1,858,430	432,554,000
05/26/2018	39.81	40.62	38.98	39.30	2,230,330	437,962,000
05/25/2018	42.04	42.10	39.30	39.87	2,920,670	462,436,000
05/24/2018	42.31	43.67	38.86	42.03	4,717,330	465,363,000
05/23/2018	45.65	46.09	39.64	42.40	6,696,380	502,180,000
05/22/2018	51.81	52.06	45.70	45.70	6,336,860	569,860,000
05/21/2018	54.31	54.31	51.27	51.80	4,768,330	597,448,000
05/20/2018	53.70	54.51	53.34	54.30	4,920,690	590,733,000
05/19/2018	55.44	55.44	52.80	53.83	5,719,420	609,889,000
05/18/2018	58.77	58.77	52.48	55.63	19,573,000	646,464,000
05/17/2018	50.46	62.06	49.77	56.80	45,546,500	555,072,000
05/16/2018	54.09	54.09	48.58	50.41	7,927,180	594,959,000
05/15/2018	56.25	60.96	53.59	54.23	32,647,100	618,794,000
05/14/2018	52.84	60.90	49.59	54.08	25,761,300	581,268,000
05/13/2018	52.15	54.76	50.62	52.98	21,361,200	573,601,000
05/12/2018	55.09	58.19	46.78	52.12	42,809,600	605,971,000
05/11/2018	44.19	82.79	43.66	56.03	233,639,000	486,089,000
05/10/2018	50.27	50.79	44.28	44.28	11,391,600	552,946,000
05/09/2018	44.96	54.67	43.72	50.41	29,858,400	494,541,000
05/08/2018	41.61	47.77	41.56	45.10	6,110,470	457,666,000
05/07/2018	42.89	42.94	40.90	41.53	2,438,810	471,740,000
05/06/2018	43.99	44.46	41.32	42.87	2,441,390	483,881,000
05/05/2018	43.17	44.49	42.88	43.87	2,376,260	474,897,000
05/04/2018	44.27	45.41	42.23	43.23	5,979,110	487,022,000
05/03/2018	39.27	48.36	39.20	44.26	15,720,800	431,974,000
05/02/2018	39.00	39.62	38.47	39.31	5,720,970	428,978,000
05/01/2018	40.55	40.55	38.00	39.10	3,451,230	446,002,000
04/30/2018	40.61	40.74	39.44	40.22	4,960,360	446,717,000
04/29/2018	41.90	42.35	39.72	40.64	3,249,770	460,926,000
04/28/2018	40.05	42.02	40.05	41.85	5,449,030	440,569,000
04/27/2018	43.27	43.40	40.18	40.18	4,329,780	475,916,000
04/26/2018	40.40	43.32	39.15	43.05	4,840,830	444,390,000
04/25/2018	45.34	45.34	37.19	40.14	8,114,520	498,736,000
04/24/2018	42.30	46.20	42.01	45.61	5,664,540	465,276,000
04/23/2018	39.87	42.38	39.81	42.33	5,177,210	438,524,000
04/22/2018	38.60	41.26	38.05	40.01	3,313,010	424,650,000
04/21/2018	39.88	41.27	36.89	38.58	4,358,770	438,673,000
04/20/2018	38.35	40.44	36.02	39.77	7,895,470	421,822,000
04/19/2018	32.61	46.26	32.61	38.39	41,060,900	358,684,000
04/18/2018	28.87	32.52	28.86	32.49	6,017,390	317,586,000
04/17/2018	28.92	29.71	28.67	28.91	3,756,930	318,120,000
04/16/2018	30.61	30.87	27.97	28.82	3,064,510	336,726,000
04/15/2018	29.09	30.81	28.48	30.60	4,083,270	320,006,000
04/14/2018	29.18	29.95	28.82	29.06	2,545,820	320,937,000
04/13/2018	27.93	30.80	26.72	29.12	6,691,810	307,245,000
04/12/2018	25.33	28.03	24.61	27.91	4,261,610	278,630,000
04/11/2018	24.71	25.45	24.63	25.44	3,704,980	271,822,000
04/10/2018	24.36	24.84	23.84	24.69	2,501,210	267,968,000
04/09/2018	25.20	26.02	23.94	24.30	3,051,500	277,243,000
04/08/2018	24.48	25.19	24.42	25.13	1,662,580	269,294,000
04/07/2018	24.15	25.15	24.03	24.61	4,688,120	265,693,000
04/06/2018	26.59	26.85	23.85	24.14	2,657,430	292,508,000
04/05/2018	24.00	27.44	23.57	26.80	13,681,200	263,946,000
04/04/2018	27.39	27.73	23.72	24.11	5,055,970	301,313,000
04/03/2018	25.64	27.85	25.39	27.40	8,334,870	282,000,000
04/02/2018	24.48	26.79	24.27	25.59	2,780,470	269,252,000
04/01/2018	26.13	26.27	23.50	24.35	3,035,320	287,409,000
03/31/2018	25.82	27.14	25.77	26.05	1,773,600	284,007,000
03/30/2018	26.77	27.91	25.38	25.78	3,202,250	294,436,000
03/29/2018	33.12	33.26	25.84	26.81	3,754,160	364,286,000
03/28/2018	32.55	34.15	32.44	33.10	1,503,290	358,028,000
03/27/2018	34.59	34.93	31.57	32.50	1,888,530	380,521,000
03/26/2018	34.22	35.83	31.50	34.46	2,000,870	376,365,000
03/25/2018	34.70	35.05	33.83	34.23	1,317,420	381,718,000
03/24/2018	35.46	36.22	34.75	34.75	1,586,080	390,043,000
03/23/2018	35.14	35.27	32.88	35.19	2,044,590	386,593,000
03/22/2018	36.00	36.67	34.16	35.19	2,092,790	396,036,000
03/21/2018	35.53	37.07	35.36	36.15	1,829,720	390,856,000
03/20/2018	33.39	36.16	32.76	35.44	2,631,030	367,335,000
03/19/2018	29.65	38.33	29.38	33.20	6,772,720	326,160,000
03/18/2018	30.48	30.48	25.70	29.70	3,395,650	335,264,000
03/17/2018	33.08	33.08	30.18	30.60	2,155,120	363,855,000
03/16/2018	31.97	34.45	30.92	33.12	2,816,490	351,648,000
03/15/2018	31.39	32.91	29.85	32.00	3,208,130	345,320,000
03/14/2018	38.06	39.29	30.43	31.22	5,450,020	418,665,000
03/13/2018	34.85	38.43	34.34	38.14	3,316,910	383,300,000
03/12/2018	36.27	37.51	33.96	34.94	1,873,620	398,930,000
03/11/2018	33.34	36.98	32.41	36.18	3,517,790	366,741,000
03/10/2018	36.84	37.92	33.20	33.34	2,601,440	405,214,000
03/09/2018	38.54	38.74	34.09	36.84	3,423,080	423,988,000
03/08/2018	39.18	41.41	37.86	38.52	2,800,740	430,957,000
03/07/2018	43.56	43.81	38.32	39.21	2,803,190	479,139,000
03/06/2018	46.15	46.15	43.21	43.46	1,805,870	507,612,000
03/05/2018	46.60	46.88	46.16	46.42	2,344,600	512,611,000
03/04/2018	47.25	47.29	45.13	46.53	2,616,020	519,703,000
03/03/2018	45.14	48.76	45.14	47.25	3,225,040	496,594,000
03/02/2018	46.98	47.97	45.09	45.19	3,022,380	516,819,000
03/01/2018	45.86	47.23	44.27	47.01	3,919,940	504,464,000
02/28/2018	48.51	50.29	45.47	45.85	4,129,890	533,572,000
02/27/2018	46.53	52.16	46.31	48.44	5,643,820	511,861,000
02/26/2018	44.21	47.03	42.40	46.43	5,227,830	486,327,000
02/25/2018	43.28	44.18	42.53	44.04	1,882,900	476,116,000
02/24/2018	44.39	46.26	42.32	43.36	3,139,080	488,268,000
02/23/2018	43.45	46.56	42.39	44.52	2,809,910	477,985,000
02/22/2018	46.93	48.59	43.03	43.54	3,191,340	516,233,000
02/21/2018	50.69	50.69	45.84	47.01	4,529,810	557,602,000
02/20/2018	54.22	54.72	50.52	50.64	6,769,600	596,412,000
02/19/2018	54.09	54.94	53.40	54.27	4,332,280	594,996,000
02/18/2018	55.45	59.69	53.44	54.14	17,414,900	609,999,000
02/17/2018	54.26	55.74	53.72	55.27	6,842,890	596,914,000
02/16/2018	54.51	55.95	51.64	54.44	5,974,500	599,626,000
02/15/2018	52.71	55.17	52.18	54.55	7,991,920	579,847,000
02/14/2018	49.65	53.33	48.41	52.79	9,305,520	546,140,000
02/13/2018	54.24	54.24	49.45	49.89	5,386,840	596,613,000
02/12/2018	49.34	57.21	49.34	54.13	11,200,400	542,712,000
02/11/2018	55.04	56.79	47.99	49.21	4,904,270	605,459,000
02/10/2018	57.27	60.47	52.34	55.03	5,349,320	629,942,000
02/09/2018	52.24	57.57	49.67	57.57	6,800,400	574,616,000
02/08/2018	47.27	53.84	46.89	52.00	4,719,340	519,981,000
02/07/2018	47.12	51.86	43.01	47.37	6,312,240	518,327,000
02/06/2018	43.11	47.90	34.48	47.70	10,009,800	474,178,000
02/05/2018	50.40	53.03	41.83	42.80	9,728,740	554,347,000
02/04/2018	60.78	60.78	48.45	51.08	6,639,070	668,619,000
02/03/2018	58.67	61.97	50.90	61.00	5,481,660	645,385,000
02/02/2018	64.92	64.92	43.69	58.40	14,427,000	714,091,000
02/01/2018	68.38	70.59	60.37	65.02	10,500,800	752,171,000
01/31/2018	68.03	70.64	64.23	68.34	8,319,600	748,325,000
01/30/2018	79.65	79.75	66.75	68.16	10,547,800	876,159,000
01/29/2018	85.07	85.45	78.27	79.45	12,013,200	935,789,000
01/28/2018	84.04	86.73	83.42	85.13	7,570,840	924,453,000
01/27/2018	84.24	85.93	81.12	83.68	10,225,900	926,620,000
01/26/2018	87.74	90.64	77.44	84.08	13,756,300	965,177,000
01/25/2018	90.83	93.82	85.26	88.24	12,081,300	999,131,000
01/24/2018	87.86	95.17	84.82	89.64	20,910,000	966,488,000
01/23/2018	84.88	93.20	77.45	88.25	25,923,200	933,695,000
01/22/2018	88.24	91.03	77.36	84.76	16,467,100	970,589,000
01/21/2018	96.49	104.43	83.40	87.82	46,791,400	1,061,410,000
01/20/2018	77.81	98.34	77.54	96.40	52,915,200	855,913,000
01/19/2018	64.11	81.92	63.16	77.58	36,063,000	705,223,000
01/18/2018	64.92	69.36	60.43	64.67	25,775,100	714,077,000
01/17/2018	66.35	70.35	46.72	64.45	26,860,300	729,886,000
01/16/2018	91.00	91.00	54.13	67.62	28,664,800	1,000,970,000
01/15/2018	94.47	103.35	90.19	90.88	23,443,000	1,039,150,000
01/14/2018	106.36	106.36	91.99	94.86	13,455,800	1,169,960,000
01/13/2018	105.38	111.56	102.25	106.15	15,664,000	1,159,230,000
01/12/2018	103.38	115.74	99.92	105.46	14,822,500	1,137,180,000
01/11/2018	101.90	123.24	81.59	101.93	74,019,300	1,120,860,000
01/10/2018	92.31	117.92	77.28	102.98	56,818,400	1,015,450,000
01/09/2018	98.47	109.95	90.20	91.86	39,081,800	1,083,140,000
01/08/2018	80.21	98.12	75.76	98.12	45,292,400	882,260,000
01/07/2018	78.48	81.74	76.61	80.21	10,406,400	863,331,000
01/06/2018	71.89	78.88	69.30	77.53	13,080,900	790,784,000
01/05/2018	73.73	88.14	70.42	72.81	28,863,300	811,038,000
01/04/2018	77.72	77.79	72.44	73.70	14,502,500	854,903,000
01/03/2018	79.99	81.03	74.24	77.47	14,320,100	879,939,000
01/02/2018	74.50	83.60	74.50	79.47	20,448,000	819,448,000
01/01/2018	70.35	75.46	66.90	74.48	11,556,700	773,852,000
12/31/2017	64.74	71.39	63.76	70.07	5,779,320	712,114,000
12/30/2017	76.20	76.20	62.46	65.83	11,058,300	838,231,000
12/29/2017	74.35	78.12	71.32	76.52	12,299,500	817,845,000
12/28/2017	80.23	80.23	67.27	74.24	11,699,200	882,535,000
12/27/2017	85.59	85.59	76.63	80.54	14,184,900	941,539,000
12/26/2017	76.48	87.89	74.90	86.21	47,416,600	841,274,000
12/25/2017	70.15	72.02	65.49	71.35	10,936,900	771,626,000
12/24/2017	74.23	74.23	61.30	69.52	11,342,000	816,549,000
12/23/2017	63.31	85.61	61.18	73.50	31,415,000	696,464,000
12/22/2017	88.90	88.90	46.18	61.49	30,124,100	977,851,000
12/21/2017	93.03	101.37	78.12	83.99	36,890,200	1,023,330,000
12/20/2017	107.48	107.48	79.63	88.71	53,708,400	1,182,260,000
12/19/2017	56.02	108.47	53.49	108.47	186,429,000	616,225,000
12/18/2017	42.96	56.43	41.40	56.43	15,746,500	472,507,000
12/17/2017	41.95	43.97	41.59	42.93	8,806,310	461,452,000
12/16/2017	36.21	44.77	36.21	41.68	16,212,900	398,257,000
12/15/2017	36.86	37.63	32.76	36.40	6,285,640	405,448,000
12/14/2017	35.00	37.74	34.76	36.84	7,700,940	384,946,000
12/13/2017	34.25	37.89	31.02	34.97	8,921,600	376,763,000
12/12/2017	30.72	37.86	30.11	34.23	7,942,200	337,897,000
12/11/2017	27.61	31.20	27.61	30.81	4,222,320	303,759,000
12/10/2017	28.92	33.61	25.62	28.07	6,284,200	318,144,000
12/09/2017	30.05	31.06	27.58	29.09	4,137,840	330,588,000
12/08/2017	27.76	30.52	25.33	29.97	6,533,500	305,387,000
12/07/2017	31.13	31.43	27.37	27.72	6,730,870	342,480,000
12/06/2017	35.37	35.37	30.76	30.89	7,273,160	389,032,000
12/05/2017	36.97	36.99	34.94	35.58	6,389,870	406,714,000
12/04/2017	35.75	39.56	34.01	37.22	11,056,200	393,257,000
12/03/2017	29.35	45.87	28.34	35.46	28,187,500	322,825,000
12/02/2017	26.65	29.32	26.40	29.32	8,999,810	293,173,000
12/01/2017	26.03	27.50	24.84	26.67	2,904,280	286,346,000
11/30/2017	24.61	26.77	23.08	26.01	2,354,800	270,708,000
11/29/2017	28.48	30.80	24.24	24.28	5,518,380	313,279,000
11/28/2017	28.88	29.28	27.90	28.56	2,991,360	317,692,000
11/27/2017	27.28	29.75	27.22	28.78	3,464,660	300,121,000
11/26/2017	28.33	28.41	26.67	27.21	2,298,210	311,664,000
11/25/2017	28.54	28.74	27.50	28.34	3,557,430	313,932,000
11/24/2017	25.75	28.67	24.67	28.55	5,688,400	283,259,000
11/23/2017	25.11	35.63	24.95	25.77	20,368,900	276,160,000
11/22/2017	21.14	27.16	21.04	25.12	7,935,880	232,584,000
11/21/2017	20.94	21.38	20.17	21.13	1,387,670	230,382,000
11/20/2017	20.23	21.10	19.85	20.99	1,176,890	222,498,000
11/19/2017	19.73	20.49	19.72	20.20	1,138,730	217,027,000
11/18/2017	19.22	19.86	18.88	19.74	815,249	211,375,000
11/17/2017	19.79	20.00	19.10	19.26	1,267,730	217,734,000
11/16/2017	19.37	20.18	19.05	19.78	1,432,180	213,095,000
11/15/2017	18.93	19.37	18.66	19.22	1,250,130	208,279,000
11/14/2017	18.29	19.02	18.07	18.86	1,003,900	201,179,000
11/13/2017	17.39	18.44	17.32	18.23	870,775	191,345,000
11/12/2017	18.22	18.41	16.88	17.45	1,919,200	200,461,000
11/11/2017	17.61	18.68	17.56	18.21	1,330,620	193,728,000
11/10/2017	19.08	19.86	17.39	17.69	1,754,170	209,835,000
11/09/2017	18.40	19.35	18.06	19.12	1,837,380	202,416,000
11/08/2017	17.06	19.54	16.93	18.38	2,138,860	187,683,000
11/07/2017	16.89	18.76	16.85	17.04	1,457,810	185,779,000
11/06/2017	16.71	17.14	16.33	16.89	907,617	183,862,000
11/05/2017	17.40	19.17	16.18	16.61	2,101,850	191,376,000
11/04/2017	17.79	17.79	17.10	17.42	748,167	195,663,000
11/03/2017	16.22	17.84	15.95	17.83	1,476,930	178,443,000
11/02/2017	16.89	17.23	15.45	16.18	1,498,460	185,770,000
11/01/2017	17.50	20.76	16.91	16.95	3,938,990	192,526,000
10/31/2017	17.13	17.80	17.08	17.59	949,978	188,467,000
10/30/2017	17.71	17.71	16.92	17.17	739,091	194,793,000
10/29/2017	17.26	18.28	17.23	17.70	634,587	189,897,000
10/28/2017	17.57	17.72	17.23	17.27	391,903	193,241,000
10/27/2017	17.93	18.02	17.22	17.54	482,746	197,200,000
10/26/2017	17.97	18.29	17.59	17.90	540,067	197,694,000
10/25/2017	17.74	18.10	17.13	17.94	730,846	195,181,000
10/24/2017	16.12	18.48	15.98	17.66	1,311,980	177,268,000
10/23/2017	16.84	16.92	16.06	16.29	893,583	185,242,000
10/22/2017	16.86	17.17	16.38	16.85	526,437	185,419,000
10/21/2017	17.45	17.57	16.26	16.84	667,841	191,982,000
10/20/2017	18.12	18.39	17.36	17.56	950,119	199,335,000
10/19/2017	18.36	18.64	17.92	18.15	578,350	202,015,000
10/18/2017	18.72	18.73	17.70	18.34	779,130	205,969,000
10/17/2017	19.08	19.12	18.63	18.70	576,251	209,918,000
10/16/2017	18.72	19.23	18.48	19.09	930,751	205,872,000
10/15/2017	19.07	19.14	17.98	18.66	480,545	209,729,000
10/14/2017	18.39	18.95	18.26	18.95	653,761	202,279,000
10/13/2017	18.25	18.93	17.95	18.38	1,179,910	200,748,000
10/12/2017	18.62	19.10	18.17	18.23	1,701,010	204,799,000
10/11/2017	18.82	18.92	18.55	18.61	493,703	206,975,000
10/10/2017	17.80	19.21	17.50	18.77	692,292	195,823,000
10/09/2017	19.11	19.22	17.72	17.81	924,576	210,206,000
10/08/2017	20.10	20.11	19.11	19.12	723,733	221,123,000
10/07/2017	19.66	20.59	19.66	20.13	1,104,820	216,245,000
10/06/2017	19.01	19.61	18.52	19.61	722,235	209,122,000
10/05/2017	19.01	19.27	18.61	19.02	657,037	209,079,000
10/04/2017	19.47	19.56	18.88	18.99	571,388	214,161,000
10/03/2017	19.37	19.49	18.99	19.44	786,055	213,088,000
10/02/2017	20.66	20.69	19.18	19.37	789,547	227,255,000
10/01/2017	21.22	21.34	20.16	20.66	496,431	233,421,000
09/30/2017	20.72	21.64	20.51	21.19	706,371	227,924,000
09/29/2017	22.20	22.46	20.14	20.64	1,184,250	244,249,000
09/28/2017	20.96	22.76	20.73	22.23	2,030,560	230,602,000
09/27/2017	18.79	21.21	18.68	20.98	1,632,240	206,643,000
09/26/2017	18.80	18.96	18.49	18.82	397,769	206,788,000
09/25/2017	17.81	18.95	17.76	18.81	623,948	195,868,000
09/24/2017	18.00	18.48	17.83	17.84	545,368	198,006,000
09/23/2017	16.98	18.09	16.72	18.00	401,046	186,760,000
09/22/2017	17.12	17.60	16.39	17.01	340,706	188,348,000
09/21/2017	18.41	18.48	16.26	17.13	1,114,830	202,480,000
09/20/2017	18.48	18.84	18.00	18.50	554,121	203,240,000
09/19/2017	19.05	19.19	17.90	18.46	768,861	209,508,000
09/18/2017	17.61	19.12	17.61	19.02	1,030,230	193,688,000
09/17/2017	17.62	17.82	15.77	17.64	2,144,090	193,768,000
09/16/2017	18.33	18.89	16.77	17.67	662,667	201,588,000
09/15/2017	15.91	18.71	13.73	18.31	1,844,750	175,047,000
09/14/2017	20.56	20.89	15.74	15.76	1,800,320	226,176,000
09/13/2017	21.17	23.87	20.08	20.59	3,667,200	232,844,000
09/12/2017	20.95	21.90	20.67	21.23	962,593	230,430,000
09/11/2017	21.59	21.85	20.46	20.92	807,297	237,455,000
09/10/2017	22.20	22.23	20.19	21.55	1,326,850	244,231,000
09/09/2017	22.30	22.57	21.79	22.28	880,273	245,276,000
09/08/2017	23.79	24.97	21.28	22.26	2,058,090	261,635,000
09/07/2017	23.65	24.02	22.97	23.79	1,411,680	260,146,000
09/06/2017	22.90	24.15	22.82	23.79	1,940,990	251,871,000
09/05/2017	21.88	23.29	20.61	22.94	1,943,400	240,642,000
09/04/2017	24.94	24.94	20.76	21.81	3,414,020	274,311,000
09/03/2017	24.30	26.40	23.60	24.91	2,046,420	267,354,000
09/02/2017	28.49	29.04	23.57	24.24	3,279,910	313,414,000
09/01/2017	26.24	28.59	26.24	28.59	3,488,820	288,601,000
08/31/2017	25.10	26.63	24.86	26.36	3,151,520	276,090,000
08/30/2017	25.06	25.50	23.76	25.15	3,091,340	275,646,000
08/29/2017	26.39	26.96	23.15	25.08	4,487,220	290,245,000
08/28/2017	28.07	28.11	23.29	26.15	12,509,800	308,740,000
08/27/2017	29.72	30.85	27.76	27.98	4,937,900	326,927,000
08/26/2017	25.43	31.04	25.01	29.50	11,542,300	279,713,000
08/25/2017	23.02	27.59	22.98	25.37	6,210,960	253,197,000
08/24/2017	22.08	23.08	21.90	23.03	1,880,160	242,922,000
08/23/2017	21.24	23.45	21.04	22.00	2,429,740	233,664,000
08/22/2017	22.04	22.27	19.82	21.28	2,789,520	242,471,000
08/21/2017	20.46	23.12	20.34	21.96	3,491,570	225,054,000
08/20/2017	19.57	21.30	19.29	20.55	1,392,230	215,223,000
08/19/2017	19.15	19.70	18.42	19.66	1,307,160	210,660,000
08/18/2017	20.10	20.54	18.81	19.13	2,283,780	221,103,000
08/17/2017	21.41	21.95	20.09	20.13	1,754,790	235,501,000
08/16/2017	21.10	21.39	20.31	21.39	1,640,180	232,139,000
08/15/2017	19.92	23.04	19.51	21.02	3,052,560	219,150,000
08/14/2017	20.68	20.88	19.46	19.96	1,458,730	227,476,000
08/13/2017	22.63	22.74	20.62	20.65	2,295,810	248,881,000
08/12/2017	22.37	24.06	21.52	22.65	3,119,760	246,071,000
08/11/2017	22.66	22.76	22.02	22.44	2,245,780	249,217,000
08/10/2017	22.73	24.65	22.62	22.72	5,357,330	250,027,000
08/09/2017	21.23	23.31	21.18	22.71	4,242,530	233,525,000
08/08/2017	18.86	21.42	18.73	21.19	3,633,500	207,435,000
08/07/2017	18.91	19.25	18.39	18.96	1,916,400	208,042,000
08/06/2017	19.14	19.43	18.53	18.97	1,362,730	210,516,000
08/05/2017	17.39	19.40	17.33	19.08	2,332,570	191,294,000
08/04/2017	17.35	17.72	17.31	17.34	999,053	190,896,000
08/03/2017	17.64	17.88	17.05	17.37	2,725,760	194,029,000
08/02/2017	18.09	18.52	17.44	17.70	1,332,180	198,942,000
08/01/2017	16.72	18.20	16.68	18.11	1,379,370	183,937,000
07/31/2017	17.26	17.42	16.33	16.83	1,464,280	189,913,000
07/30/2017	17.53	18.23	17.20	17.20	593,696	192,822,000
07/29/2017	17.17	17.62	16.63	17.62	1,149,140	188,854,000
07/28/2017	18.19	18.30	17.03	17.19	2,413,390	200,115,000
07/27/2017	18.22	18.48	18.01	18.17	1,546,590	200,399,000
07/26/2017	17.97	18.40	17.50	18.15	2,066,290	197,709,000
07/25/2017	21.61	21.78	17.86	18.03	2,262,860	237,685,000
07/24/2017	20.98	21.69	20.81	21.69	1,032,420	230,741,000
07/23/2017	21.47	22.02	20.49	21.05	1,767,280	236,183,000
07/22/2017	20.24	21.62	19.68	21.49	2,444,950	222,620,000
07/21/2017	19.65	20.68	19.18	20.18	2,134,590	216,191,000
07/20/2017	16.92	19.92	16.92	19.53	2,697,430	186,131,000
07/19/2017	19.55	19.82	16.77	16.90	3,189,000	215,053,000
07/18/2017	18.20	20.20	17.31	19.51	3,111,420	200,165,000
07/17/2017	16.01	18.35	16.01	18.14	2,317,970	176,145,000
07/16/2017	18.32	18.44	14.21	16.04	3,443,290	201,522,000
07/15/2017	19.39	19.94	18.34	18.34	2,624,840	213,341,000
07/14/2017	20.46	21.10	18.75	19.46	3,419,960	225,099,000
07/13/2017	21.20	23.21	20.22	20.50	5,380,170	233,161,000
07/12/2017	16.47	21.23	16.27	21.08	4,061,640	181,196,000
07/11/2017	16.58	18.15	14.77	16.48	5,423,900	182,345,000
07/10/2017	22.29	22.44	15.79	16.77	7,106,180	245,229,000
07/09/2017	23.50	25.24	22.28	22.28	2,982,550	258,527,000
07/08/2017	23.10	24.26	21.20	23.45	6,582,240	254,068,000
07/07/2017	27.72	28.48	22.09	23.06	6,058,040	304,920,000
07/06/2017	26.90	27.63	26.70	27.50	1,421,290	295,916,000
07/05/2017	27.45	27.46	26.25	26.88	1,528,700	301,908,000
07/04/2017	28.67	28.99	27.15	27.55	3,108,570	315,386,000
07/03/2017	26.16	29.29	25.68	28.77	3,095,940	287,711,000
07/02/2017	24.74	26.39	23.86	26.23	2,190,010	272,125,000
07/01/2017	28.16	28.52	24.39	24.75	2,685,960	309,725,000
06/30/2017	26.84	30.46	26.39	28.10	5,802,360	295,294,000
06/29/2017	28.09	28.63	26.58	26.74	2,523,550	309,010,000
06/28/2017	25.87	28.30	25.12	28.08	3,195,240	284,531,000
06/27/2017	25.16	25.60	21.46	25.60	3,498,930	276,808,000
06/26/2017	27.97	28.39	21.66	25.16	5,080,110	307,660,000
06/25/2017	29.23	31.29	26.69	27.99	3,650,130	321,495,000
06/24/2017	31.25	31.74	28.82	29.42	2,494,470	343,764,000
06/23/2017	30.13	33.52	29.68	31.26	5,321,540	331,380,000
06/22/2017	28.99	31.40	28.50	30.11	3,704,940	318,911,000
06/21/2017	30.08	30.64	28.14	28.97	3,706,710	330,868,000
06/20/2017	32.78	33.35	29.94	30.13	4,936,620	360,548,000
06/19/2017	30.02	32.94	29.94	32.78	4,385,850	330,264,000
06/18/2017	31.12	31.69	29.59	30.02	2,721,270	342,291,000
06/17/2017	28.72	31.21	28.61	31.09	3,351,620	315,895,000
06/16/2017	28.08	30.05	27.37	28.76	4,101,540	308,894,000
06/15/2017	30.65	31.47	24.43	28.15	6,592,890	337,137,000
06/14/2017	33.08	37.20	29.21	30.58	5,341,830	363,877,000
06/13/2017	31.48	33.81	31.19	33.02	4,655,540	346,312,000
06/12/2017	33.72	34.87	27.84	31.46	6,312,970	370,938,000
06/11/2017	33.66	35.02	32.44	33.78	4,817,660	370,315,000
06/10/2017	34.50	34.62	32.24	33.75	6,795,880	379,448,000
06/09/2017	35.73	36.28	33.67	34.18	4,278,080	392,987,000
06/08/2017	34.38	36.66	32.81	35.54	4,309,520	378,138,000
06/07/2017	33.67	38.93	32.44	34.17	12,084,200	370,421,000
06/06/2017	28.66	33.80	28.15	33.41	6,283,340	315,289,000
06/05/2017	29.12	31.85	28.26	28.80	8,252,820	320,343,000
06/04/2017	26.18	28.97	26.00	28.96	4,559,000	288,020,000
06/03/2017	24.87	26.25	24.78	26.22	4,635,790	273,579,000
06/02/2017	23.61	26.31	23.26	24.79	4,688,710	259,666,000
06/01/2017	21.97	25.06	21.93	23.86	4,479,050	241,717,000
05/31/2017	20.28	22.76	20.18	21.84	3,648,110	223,030,000
05/30/2017	21.12	24.04	20.31	20.31	4,205,910	232,364,000
05/29/2017	20.47	21.97	20.06	21.11	4,715,440	225,164,000
05/28/2017	20.42	23.71	19.52	20.33	6,728,600	224,583,000
05/27/2017	22.04	22.35	16.10	20.31	5,196,210	242,443,000
05/26/2017	23.65	27.96	21.11	22.01	4,050,870	260,132,000
05/25/2017	27.05	31.73	22.90	23.54	9,025,780	297,516,000
05/24/2017	29.13	32.20	26.42	27.17	11,059,100	320,480,000
05/23/2017	19.69	32.32	19.69	29.05	25,666,500	216,603,000
05/22/2017	17.36	21.70	17.12	19.80	6,351,000	190,919,000
05/21/2017	17.51	18.40	17.01	17.36	3,278,600	192,653,000
05/20/2017	16.95	18.19	16.51	17.55	2,617,600	186,479,000
05/19/2017	15.90	16.97	15.53	16.97	3,078,290	174,919,000
05/18/2017	15.44	16.76	15.28	15.94	1,781,730	169,798,000
05/17/2017	14.23	15.51	13.34	15.43	2,239,180	156,524,000
05/16/2017	15.99	16.10	14.24	14.24	2,321,290	175,932,000
05/15/2017	17.03	17.13	15.93	15.96	1,240,320	187,300,000
05/14/2017	16.22	17.19	16.16	17.00	874,532	178,398,000
05/13/2017	16.69	16.95	15.75	16.18	1,309,960	183,621,000
05/12/2017	17.62	18.07	16.38	16.73	1,707,730	193,789,000
05/11/2017	16.99	18.46	16.87	17.66	3,103,420	186,856,000
05/10/2017	16.78	17.03	15.47	16.97	2,365,580	184,582,000
05/09/2017	17.40	17.44	15.39	16.83	3,846,460	191,388,000
05/08/2017	17.18	17.69	16.49	17.39	3,917,640	188,987,000
05/07/2017	17.65	18.52	17.20	17.25	3,649,990	194,157,000
05/06/2017	17.20	17.86	16.97	17.65	2,035,500	189,163,000
05/05/2017	17.37	18.98	16.78	17.14	4,107,070	191,050,000
05/04/2017	16.66	17.96	16.58	17.37	4,134,100	183,249,000
05/03/2017	16.47	16.97	15.69	16.65	4,014,970	181,139,000
05/02/2017	15.98	17.78	15.52	16.49	3,487,100	175,808,000
05/01/2017	16.92	19.01	15.76	15.97	8,058,160	186,107,000
04/30/2017	16.93	17.13	16.02	16.78	4,509,700	186,280,000
04/29/2017	14.39	16.92	14.31	16.86	3,735,860	158,270,000
04/28/2017	13.82	15.47	13.09	14.43	3,362,230	152,060,000
04/27/2017	12.70	13.95	12.64	13.85	2,369,970	139,741,000
04/26/2017	13.41	13.58	12.64	12.69	2,371,140	147,497,000
04/25/2017	13.80	15.24	13.13	13.39	3,633,120	151,760,000
04/24/2017	11.70	16.39	11.65	13.83	7,030,540	128,705,000
04/23/2017	12.11	12.26	11.34	11.68	1,410,770	133,209,000
04/22/2017	11.07	12.48	10.98	12.09	1,260,710	121,792,000
04/21/2017	11.34	11.50	10.96	11.11	881,968	124,750,000
04/20/2017	11.94	12.44	11.06	11.34	1,059,140	131,360,000
04/19/2017	12.51	12.62	11.97	11.97	914,477	137,647,000
04/18/2017	11.73	12.69	11.71	12.51	628,901	129,073,000
04/17/2017	11.94	12.47	11.51	11.82	1,669,100	131,309,000
04/16/2017	11.30	12.85	11.13	11.93	1,621,120	124,313,000
04/15/2017	10.79	11.37	10.68	11.34	935,138	118,656,000
04/14/2017	10.61	10.82	10.22	10.82	1,100,920	116,741,000
04/13/2017	10.59	11.06	10.55	10.58	650,307	116,507,000
04/12/2017	10.07	10.57	9.91	10.57	602,269	110,802,000
04/11/2017	10.13	10.60	10.06	10.07	490,393	111,400,000
04/10/2017	10.03	10.12	9.76	10.12	492,711	110,282,000
04/09/2017	9.94	10.57	9.91	10.03	658,434	109,342,000
04/08/2017	9.54	10.12	9.49	9.96	503,616	104,899,000
04/07/2017	10.40	10.48	9.54	9.55	566,367	114,426,000
04/06/2017	10.41	10.96	9.32	10.42	1,446,370	114,524,000
04/05/2017	11.03	11.10	10.25	10.41	976,258	121,382,000
04/04/2017	10.93	11.13	10.25	11.08	1,433,810	120,251,000
04/03/2017	11.60	12.16	10.22	11.05	1,912,630	127,547,000
04/02/2017	12.58	12.83	11.10	11.60	2,509,100	138,362,000
04/01/2017	11.61	13.54	11.60	12.61	2,141,410	127,658,000
03/31/2017	9.93	13.63	9.90	11.84	5,266,820	109,176,000
03/30/2017	9.27	10.05	9.21	9.93	1,274,060	101,940,000
03/29/2017	9.13	9.53	8.90	9.29	794,146	100,474,000
03/28/2017	9.09	9.30	8.67	9.14	503,268	99,960,100
03/27/2017	8.77	9.22	8.74	9.04	584,475	96,499,300
03/26/2017	8.83	8.97	8.32	8.73	1,110,610	97,127,400
03/25/2017	8.95	9.28	8.29	8.88	1,586,840	98,418,500
03/24/2017	9.33	9.63	8.63	9.03	1,799,520	102,613,000
03/23/2017	9.07	9.35	8.18	9.33	1,176,020	99,821,700
03/22/2017	8.31	9.45	7.86	9.18	1,167,340	91,413,000
03/21/2017	8.33	8.89	8.20	8.29	856,129	91,627,700
03/20/2017	8.44	8.83	7.97	8.31	1,111,630	92,849,700
03/19/2017	6.86	8.79	6.86	8.43	1,571,220	75,431,800
03/18/2017	8.03	8.24	6.76	6.90	1,466,830	88,360,200
03/17/2017	9.58	9.84	7.80	8.08	3,309,910	105,406,000
03/16/2017	10.11	10.49	8.59	9.60	4,754,740	111,246,000
03/15/2017	8.35	10.00	7.97	10.00	1,723,790	91,848,100
03/14/2017	7.74	8.55	7.54	8.37	1,309,670	85,096,200
03/13/2017	7.34	8.51	7.26	7.75	2,331,790	80,740,000
03/12/2017	6.02	7.32	6.01	7.32	953,843	66,170,400
03/11/2017	5.95	6.19	5.72	6.02	561,870	65,468,200
03/10/2017	5.46	5.98	5.09	5.98	622,053	60,049,300
03/09/2017	5.30	5.56	5.21	5.47	213,755	58,300,900
03/08/2017	5.73	5.79	5.30	5.30	137,622	63,082,800
03/07/2017	5.99	6.00	5.70	5.76	227,350	65,878,200
03/06/2017	6.14	6.17	5.80	5.97	252,442	67,518,300
03/05/2017	5.53	6.16	5.40	6.11	391,595	60,853,000
03/04/2017	5.72	6.13	5.54	5.57	182,986	62,951,500
03/03/2017	5.79	6.02	5.28	5.74	291,826	63,735,900
03/02/2017	5.05	6.45	5.01	5.78	1,447,440	55,504,000
03/01/2017	4.54	5.11	4.47	5.11	497,785	49,936,500
02/28/2017	4.81	4.86	4.43	4.54	277,464	52,962,500
02/27/2017	4.92	4.94	4.75	4.80	113,106	54,077,500
02/26/2017	4.76	4.95	4.72	4.91	114,914	52,367,000
02/25/2017	4.71	4.94	4.70	4.74	121,758	51,821,800
02/24/2017	4.91	4.94	4.44	4.72	390,417	53,965,000
02/23/2017	4.73	4.99	4.69	4.87	99,599	52,004,200
02/22/2017	4.63	4.78	4.55	4.73	171,787	50,981,300
02/21/2017	5.03	5.09	4.63	4.64	363,361	55,318,100
02/20/2017	5.20	5.20	5.03	5.05	167,989	57,148,100
02/19/2017	5.07	5.21	5.07	5.19	124,221	55,728,700
02/18/2017	4.93	5.06	4.92	5.06	80,608	54,251,100
02/17/2017	4.94	5.13	4.91	4.92	144,989	54,372,800
02/16/2017	4.85	5.13	4.84	4.95	219,938	53,349,100
02/15/2017	4.77	4.91	4.68	4.85	282,551	52,427,600
02/14/2017	4.32	5.18	4.32	4.76	518,341	47,500,300
02/13/2017	4.52	4.70	4.28	4.31	210,008	49,668,400
02/12/2017	4.32	4.52	4.29	4.47	82,761	47,567,400
02/11/2017	4.20	4.45	4.17	4.31	91,268	46,215,100
02/10/2017	4.34	4.35	4.11	4.20	169,611	47,782,200
02/09/2017	4.58	4.86	4.21	4.33	300,312	50,385,200
02/08/2017	4.31	4.61	4.24	4.58	332,664	47,400,500
02/07/2017	4.25	4.37	4.18	4.31	150,490	46,714,100
02/06/2017	4.15	4.29	4.09	4.24	190,404	45,650,000
02/05/2017	4.23	4.29	4.14	4.15	72,615	46,507,000
02/04/2017	4.15	4.31	4.09	4.22	175,939	45,664,600
02/03/2017	4.09	4.31	4.00	4.10	276,453	44,990,700
02/02/2017	4.21	4.30	4.05	4.11	136,148	46,364,600
02/01/2017	4.29	4.32	4.09	4.21	164,978	47,226,300
01/31/2017	4.20	4.30	4.11	4.29	96,346	46,196,100
01/30/2017	4.32	4.35	4.19	4.22	68,844	47,543,900
01/29/2017	4.26	4.34	4.20	4.34	113,178	46,842,600
01/28/2017	4.32	4.37	4.00	4.26	255,334	47,518,700
01/27/2017	4.12	4.45	4.04	4.32	228,350	45,329,800
01/26/2017	4.29	4.47	4.14	4.14	259,692	47,174,800
01/25/2017	4.33	4.43	4.28	4.33	116,659	47,637,800
01/24/2017	4.56	4.61	4.20	4.33	241,846	50,152,300
01/23/2017	4.66	4.71	4.52	4.59	127,108	51,253,400
01/22/2017	4.59	4.69	4.46	4.66	148,974	50,452,900
01/21/2017	4.43	4.66	4.40	4.56	109,464	48,708,900
01/20/2017	4.49	4.54	4.41	4.43	111,644	49,400,500
01/19/2017	4.42	4.56	4.34	4.49	90,338	48,626,200
01/18/2017	4.34	4.43	4.08	4.40	177,271	47,721,700
01/17/2017	4.02	4.42	4.01	4.34	156,941	44,203,200
01/16/2017	4.11	4.21	3.99	4.00	81,000	45,224,400
01/15/2017	4.27	4.32	4.05	4.12	90,878	47,000,200
01/14/2017	4.31	4.43	4.21	4.29	220,127	47,429,700
01/13/2017	4.06	4.33	4.05	4.32	120,206	44,684,000
01/12/2017	3.78	4.11	3.61	4.10	93,900	41,548,600
01/11/2017	4.17	4.27	3.63	3.78	205,051	45,826,100
01/10/2017	4.22	4.35	4.15	4.21	154,430	46,474,600
01/09/2017	4.62	4.68	4.12	4.22	298,534	50,844,100
01/08/2017	4.69	4.82	4.39	4.56	182,558	51,572,700
01/07/2017	5.13	5.24	4.30	4.69	336,699	56,481,600
01/06/2017	5.06	5.38	4.44	5.11	567,851	55,685,000
01/05/2017	4.92	5.78	4.14	5.10	834,470	54,089,100
01/04/2017	4.29	5.03	4.27	4.94	411,248	47,206,200
01/03/2017	4.17	4.57	3.94	4.27	437,238	45,843,100
01/02/2017	3.99	4.21	3.86	4.19	266,753	43,852,100
01/01/2017	3.75	4.01	3.65	4.00	230,517	41,266,900
12/31/2016	3.68	4.13	3.65	3.77	206,882	40,521,600
12/30/2016	3.49	3.90	3.34	3.69	244,089	38,412,100
12/29/2016	3.25	3.78	3.22	3.50	258,671	35,719,400
12/28/2016	3.46	3.78	3.19	3.25	409,937	38,060,800
12/27/2016	3.30	3.52	3.27	3.47	247,769	36,302,900
12/26/2016	2.76	3.43	2.75	3.30	225,805	30,405,900
12/25/2016	2.77	3.14	2.66	2.76	210,210	30,454,900
12/24/2016	2.54	2.88	2.51	2.77	112,675	27,937,400
12/23/2016	2.76	2.90	2.48	2.54	350,671	30,355,800
12/22/2016	2.88	2.95	2.66	2.75	242,067	31,674,700
12/21/2016	2.81	2.93	2.72	2.88	208,222	30,863,400
12/20/2016	2.95	3.04	2.87	2.90	97,304	32,425,000
12/19/2016	3.09	3.12	2.95	2.95	72,204	34,018,600
12/18/2016	2.80	3.13	2.79	3.10	178,476	30,783,700
12/17/2016	2.93	2.93	2.77	2.80	135,501	32,237,200
12/16/2016	2.96	2.98	2.87	2.93	136,916	32,564,600
12/15/2016	3.12	3.13	2.95	2.96	52,682	34,370,700
12/14/2016	3.09	3.15	3.08	3.12	37,149	34,031,700
12/13/2016	3.16	3.18	3.01	3.10	65,076	34,718,000
12/12/2016	3.19	3.23	3.04	3.16	66,193	35,048,500
12/11/2016	3.06	3.24	3.06	3.19	66,433	33,616,300
12/10/2016	3.24	3.43	2.92	3.08	379,640	35,608,500
12/09/2016	3.21	3.50	3.15	3.36	205,857	35,356,100
12/08/2016	3.22	3.49	3.19	3.22	169,892	35,421,000
12/07/2016	3.03	3.46	2.81	3.22	365,404	33,359,900
12/06/2016	2.81	3.08	2.03	3.04	1,504,100	30,951,200
12/05/2016	3.32	3.32	2.78	2.80	158,124	36,474,000
12/04/2016	3.46	3.47	3.26	3.32	36,292	38,074,100
12/03/2016	3.34	3.48	3.20	3.47	78,469	36,688,400
12/02/2016	3.58	3.59	3.23	3.33	209,470	39,419,600
12/01/2016	3.67	3.69	3.51	3.60	148,843	40,407,900
11/30/2016	3.63	3.72	3.62	3.69	120,388	39,962,500
11/29/2016	3.70	3.82	3.62	3.63	179,441	40,667,300
11/28/2016	4.31	4.32	3.59	3.70	461,672	47,403,600
11/27/2016	4.16	4.51	4.06	4.31	58,510	45,728,300
11/26/2016	4.18	4.36	4.05	4.16	133,827	46,032,300
11/25/2016	4.24	4.28	4.09	4.22	85,457	46,669,500
11/24/2016	4.37	4.43	4.12	4.22	166,250	48,110,800
11/23/2016	4.52	4.52	4.32	4.37	93,339	49,709,100
11/22/2016	4.68	4.70	4.34	4.52	176,003	51,484,900
11/21/2016	4.52	4.68	4.36	4.68	128,983	49,716,700
11/20/2016	4.60	4.73	4.29	4.53	295,331	50,603,400
11/19/2016	4.19	4.74	4.14	4.63	3,192,770	46,095,400
11/18/2016	4.48	4.51	4.03	4.13	523,043	49,275,900
11/17/2016	4.55	4.59	4.42	4.48	290,490	50,086,500
11/16/2016	4.59	4.64	4.49	4.55	223,103	50,489,200
11/15/2016	4.36	4.60	4.36	4.60	242,285	47,907,900
11/14/2016	4.66	4.70	4.35	4.36	119,725	51,288,700
11/13/2016	4.88	5.01	4.65	4.66	129,047	53,640,100
11/12/2016	4.85	5.07	4.75	4.88	263,426	53,297,100
11/11/2016	4.92	5.08	4.69	4.85	268,521	54,109,300
11/10/2016	4.46	5.00	4.38	4.91	450,393	49,061,400
11/09/2016	4.73	4.79	4.14	4.46	925,290	51,975,100
11/08/2016	4.86	4.86	4.69	4.73	218,784	53,443,900
11/07/2016	4.95	5.18	4.63	4.86	562,070	54,497,600
11/06/2016	5.39	5.42	4.92	4.96	490,816	59,237,300
11/05/2016	4.38	5.78	4.37	5.39	713,930	48,130,300
11/04/2016	4.50	4.62	4.31	4.38	563,631	49,482,300
11/03/2016	4.41	4.50	4.31	4.50	463,674	48,460,600
11/02/2016	4.00	4.54	3.96	4.40	373,719	43,977,100
11/01/2016	4.45	4.45	3.59	4.05	957,072	49,002,000
10/31/2016	4.63	4.65	4.32	4.45	306,438	50,949,600
10/30/2016	4.16	4.70	4.12	4.65	346,497	45,800,700
10/29/2016	4.43	4.70	3.82	4.11	751,009	48,682,400
10/28/2016	5.01	5.02	4.43	4.43	415,732	55,134,700
10/27/2016	5.10	5.30	4.95	5.01	544,258	56,128,200
10/26/2016	4.83	5.32	4.72	5.10	734,443	53,162,800
10/25/2016	5.13	5.17	4.55	4.80	542,001	56,396,800
10/24/2016	5.28	5.33	5.12	5.13	229,791	58,084,100
10/23/2016	5.32	5.46	5.23	5.29	143,175	58,536,200
10/22/2016	5.44	5.44	5.17	5.33	348,124	59,801,900
10/21/2016	5.13	5.51	5.10	5.41	353,304	56,375,000
10/20/2016	5.24	5.27	5.06	5.11	237,343	57,679,200
10/19/2016	5.45	5.52	5.17	5.24	371,488	59,970,100
10/18/2016	5.04	5.75	5.00	5.45	1,201,840	55,487,400
10/17/2016	5.72	5.72	5.04	5.04	1,065,750	62,895,000
10/16/2016	5.80	5.80	5.69	5.70	262,490	63,772,700
10/15/2016	5.77	5.84	5.61	5.79	595,304	63,481,300
10/14/2016	6.14	6.14	5.59	5.78	1,119,820	67,574,500
10/13/2016	5.91	6.50	5.78	6.14	1,464,160	65,057,900
10/12/2016	5.76	6.00	5.49	5.90	1,257,480	63,391,500
10/11/2016	6.64	6.73	5.73	5.75	2,559,300	73,011,000
10/10/2016	7.08	7.41	6.55	6.59	2,121,650	77,912,100
10/09/2016	6.85	7.50	6.46	7.06	2,654,660	75,343,700
10/08/2016	6.71	7.24	6.07	6.86	2,552,960	73,760,700
10/07/2016	7.34	8.01	6.50	6.71	3,666,620	80,687,300
10/06/2016	9.00	9.09	6.26	7.31	9,462,610	99,024,700
10/05/2016	14.34	14.35	8.05	9.00	12,065,200	-
10/04/2016	18.36	18.36	8.05	14.34	36,267	-
10/03/2016	13.43	18.36	13.16	18.36	70,973	-
10/02/2016	12.28	13.44	12.23	13.43	1,409	-
10/01/2016	12.19	12.30	12.19	12.28	593	-
09/30/2016	11.27	12.73	11.24	12.19	1,706	-
09/29/2016	10.28	13.46	10.28	11.26	1,732	-
09/28/2016	10.67	10.68	10.28	10.28	0	-
09/27/2016	10.59	12.14	10.59	10.67	2,558	-
09/26/2016	11.72	11.72	10.56	10.59	561	-
09/25/2016	10.37	11.77	10.37	11.72	1	-
09/24/2016	11.94	11.97	10.36	10.36	1,058	-
09/23/2016	11.63	11.94	11.62	11.94	603	-
09/22/2016	10.27	11.67	10.27	11.63	3,488	-
09/21/2016	10.29	10.30	10.25	10.27	120	-
09/20/2016	12.12	12.13	12.10	12.12	55	-
09/19/2016	9.95	12.14	9.92	12.12	55	-
09/18/2016	9.82	9.89	9.82	9.88	244	-
09/17/2016	10.93	10.94	9.82	9.82	439	-
09/16/2016	12.14	12.68	10.92	10.93	765	-
09/15/2016	9.89	12.22	9.87	12.15	185	-
09/14/2016	11.33	11.38	9.89	9.89	531	-
09/13/2016	11.68	11.71	11.30	11.33	893	-
09/12/2016	9.71	11.67	9.69	11.67	6,478	-
09/11/2016	9.98	11.65	9.61	9.71	198	-
09/10/2016	9.97	10.00	9.96	9.98	220	-
09/09/2016	4.95	9.98	4.90	9.97	772	-
09/08/2016	10.57	10.77	4.93	4.95	2,026	-
09/07/2016	11.90	11.91	10.47	10.57	1,849	-
09/06/2016	10.31	11.90	1.03	11.90	5,135	-
09/05/2016	10.35	10.35	10.24	10.31	933	-
09/04/2016	6.58	11.50	0.782968	10.34	105	-
09/03/2016	9.21	9.21	6.47	6.58	802	-
09/02/2016	9.16	9.21	8.58	9.21	709	-
09/01/2016	9.21	9.22	9.15	9.16	263	-
08/31/2016	9.82	10.93	9.18	9.21	517	-
08/30/2016	11.48	11.49	9.81	9.82	1,123	-
08/29/2016	9.76	11.52	9.76	11.48	1	-
08/28/2016	12.36	12.45	9.73	9.76	224	-
08/27/2016	12.57	12.58	10.99	12.36	403	-
08/26/2016	10.63	12.59	10.61	12.57	1,819	-
08/25/2016	10.62	11.53	10.53	10.63	1,283	-
08/24/2016	10.15	12.22	10.14	10.62	4,246	-
08/23/2016	9.68	12.96	9.68	10.15	1,426	-
08/22/2016	14.11	14.12	9.68	9.68	4,270	-
05/14/2016	6.60	6.61	6.58	6.59	3,313	-
05/13/2016	6.69	6.74	5.28	6.60	3,315	-
05/12/2016	5.93	6.69	5.02	6.68	4,455	-
05/11/2016	7.17	7.18	4.53	5.93	6,198	-
05/10/2016	6.37	9.23	2.76	7.17	7,262	-
05/09/2016	5.96	6.40	5.93	6.37	3,185	-
05/08/2016	6.62	6.63	5.94	5.96	6,475	-
05/07/2016	5.74	6.89	5.73	6.62	8,401	-
05/06/2016	6.94	6.99	5.74	5.74	4,975	-
05/05/2016	6.48	6.98	5.53	6.94	4,371	-
05/04/2016	5.81	6.86	5.76	6.49	8,935	-
05/03/2016	7.04	7.04	5.55	5.81	5,380	-
05/02/2016	6.45	7.11	5.22	7.03	6,882	-
05/01/2016	5.25	7.00	5.24	6.45	8,050	-
04/30/2016	5.07	7.03	4.77	5.24	3,815	-
04/29/2016	6.94	7.33	4.62	5.07	5,571	-
04/28/2016	5.03	7.43	4.93	6.94	5,158	-
04/27/2016	6.92	6.93	4.65	5.02	4,800	-
04/26/2016	7.39	7.40	4.26	6.92	4,763	-
04/25/2016	7.48	7.72	4.24	7.38	11,460	-
04/24/2016	7.52	8.41	6.33	7.48	7,498	-
04/23/2016	7.21	7.52	6.45	7.52	6,765	-
04/22/2016	8.28	8.34	6.44	7.21	5,405	-
04/21/2016	7.95	8.32	6.24	8.28	4,260	-
04/20/2016	8.16	8.98	7.94	7.95	5,595	-
04/19/2016	8.15	9.01	7.82	8.16	20,129	-
04/18/2016	6.84	8.58	6.84	8.14	8,141	-
04/17/2016	7.19	7.96	5.63	6.84	10,380	-
04/16/2016	7.91	8.00	5.83	7.19	11,407	-
04/15/2016	6.92	8.56	6.92	7.91	1,643	-
04/14/2016	7.15	7.23	6.73	6.92	4,024	-
04/13/2016	6.84	7.25	5.64	7.14	2,959	-
04/12/2016	7.87	8.08	5.99	6.84	13,931	-
04/11/2016	7.68	8.80	6.52	7.87	19,203	-
04/10/2016	8.07	8.87	6.33	7.67	9,347	-
04/09/2016	8.42	9.23	8.05	8.06	6,091	-
04/08/2016	9.09	9.56	8.40	8.41	17,254	-
04/07/2016	9.40	9.55	8.47	9.09	78,918	-
04/06/2016	9.48	9.49	8.91	9.39	66,404	-
04/05/2016	9.03	9.56	8.47	9.48	31,211	-
04/04/2016	9.46	9.53	8.17	9.27	35,980	-
04/03/2016	9.52	9.52	9.33	9.45	25,517	-
04/02/2016	9.51	9.60	7.67	9.51	16,642	-
04/01/2016	9.96	10.34	7.59	9.50	16,541	-
03/31/2016	10.75	11.69	8.39	9.96	11,651	-
03/30/2016	9.40	11.62	9.37	10.74	2,913	-
03/29/2016	11.40	12.47	9.38	9.39	15,626	-
03/28/2016	11.09	11.85	11.09	11.40	56,555	-
03/27/2016	10.65	11.73	10.57	11.10	29,161	-
03/26/2016	11.52	11.70	9.58	10.65	60,487	-
03/25/2016	11.63	11.68	11.10	11.51	36,710	-
03/24/2016	12.13	12.14	11.31	11.63	17,800	-
03/23/2016	13.51	13.51	10.11	12.12	14,210	-
03/22/2016	11.60	13.79	10.06	13.51	46,246	-
03/21/2016	12.77	12.77	9.50	11.60	47,335	-
03/20/2016	14.36	14.44	11.52	12.79	3,102	-
03/19/2016	12.52	14.77	12.51	14.37	1,721	-
03/18/2016	12.66	16.38	12.43	12.53	8,312	-
03/17/2016	15.06	16.49	10.92	12.66	31,184	-
03/16/2016	12.92	16.35	11.77	15.03	127,764	-
03/15/2016	10.30	12.93	10.01	12.92	48,919	-
03/14/2016	10.17	10.39	8.70	10.31	20,413	-
03/13/2016	10.29	10.36	8.57	10.17	5,436	-
03/12/2016	9.30	10.31	8.36	10.29	65,512	-
03/11/2016	9.16	9.31	8.34	9.30	29,441	-
03/10/2016	8.17	9.17	7.73	9.16	43,686	-
03/09/2016	8.28	8.51	7.00	8.17	22,374	-
03/08/2016	8.50	8.52	7.56	8.28	25,264	-
03/07/2016	8.19	8.53	7.04	8.49	19,487	-
03/06/2016	7.21	8.28	7.13	8.19	18,326	-
03/05/2016	7.89	8.07	7.15	7.21	28,457	-
03/04/2016	8.01	8.14	7.21	7.89	20,310	-
03/03/2016	7.21	8.03	6.04	8.01	57,120	-
03/02/2016	5.18	7.32	5.16	7.21	30,134	-
03/01/2016	5.16	5.22	4.97	5.18	13,615	-
02/29/2016	5.08	5.17	4.59	5.17	5,832	-
02/28/2016	4.39	4.43	4.31	4.41	9	-
02/27/2016	4.89	4.99	4.38	4.39	3,924	-
02/26/2016	4.63	4.96	4.19	4.88	3,908	-
02/25/2016	4.80	4.92	4.21	4.63	14,119	-
02/24/2016	4.25	4.81	3.59	4.80	11,470	-
02/23/2016	4.38	4.42	4.23	4.25	3,159	-
02/22/2016	4.25	4.38	3.28	4.38	3,574	-
02/21/2016	4.33	4.45	3.95	4.25	5,238	-
02/20/2016	4.19	4.41	4.05	4.33	4,382	-
02/19/2016	4.10	4.27	3.88	4.18	4,840	-
02/18/2016	4.17	4.37	3.82	4.10	2,746	-
02/17/2016	3.87	4.25	3.86	4.16	6,218	-
02/16/2016	3.77	4.06	3.77	3.87	4,135	-
02/15/2016	3.46	4.00	3.46	3.76	16,200	-
02/14/2016	3.76	3.84	3.33	3.46	1,873	-
02/13/2016	3.54	3.76	3.26	3.76	4,840	-
02/12/2016	3.19	3.79	3.02	3.54	10,572	-
02/11/2016	7.09	7.09	3.03	3.19	2,122	-
02/10/2016	2.78	2.81	2.78	2.81	1,552	-
02/09/2016	2.78	2.83	2.78	2.81	781	-
02/08/2016	2.80	2.84	2.78	2.78	2,112	-
02/07/2016	2.80	2.83	2.79	2.80	404	-
02/06/2016	2.88	2.88	2.77	2.80	1,050	-
02/05/2016	2.49	2.89	2.45	2.88	1,048	-
02/04/2016	2.48	2.67	2.32	2.49	920	-
02/03/2016	2.25	2.60	1.68	2.48	2,326	-
02/02/2016	2.37	2.59	2.17	2.25	943	-
02/01/2016	2.14	2.65	1.73	2.37	2,033	-
01/31/2016	2.38	2.42	1.79	2.14	479	-
01/30/2016	2.58	2.81	2.22	2.38	1,735	-
01/29/2016	2.66	2.66	2.29	2.58	2,189	-
01/28/2016	2.85	2.85	2.40	2.66	1,184	-
01/27/2016	2.35	2.85	2.25	2.84	4,223	-
01/26/2016	2.16	2.40	2.15	2.35	1,891	-
01/25/2016	2.26	2.29	2.14	2.15	220	-
01/24/2016	2.30	2.39	2.26	2.26	93	-
01/22/2016	2.42	2.42	2.29	2.32	24	-
01/21/2016	2.48	2.49	2.40	2.42	302	-
01/20/2016	2.16	2.51	2.15	2.48	1,380	-
01/19/2016	2.09	2.20	2.07	2.17	809	-
01/18/2016	2.02	2.09	1.99	2.06	460	-
01/17/2016	2.05	2.07	2.01	2.02	67	-
01/16/2016	1.93	2.07	1.88	2.05	700	-
01/15/2016	2.18	2.18	1.93	1.93	691	-
01/14/2016	2.29	2.30	2.27	2.29	46	-
01/13/2016	2.30	2.31	2.25	2.29	310	-
01/12/2016	2.31	2.37	2.05	2.31	337	-
01/11/2016	2.29	2.31	2.27	2.31	89	-
01/10/2016	2.17	2.29	2.15	2.29	244	-
01/09/2016	2.40	2.41	2.16	2.17	879	-
01/08/2016	1.97	2.40	1.95	2.40	288	-
01/07/2016	2.04	2.26	1.96	1.97	925	-
01/06/2016	2.01	2.12	1.95	2.03	390	-
01/05/2016	2.38	2.46	2.01	2.01	731	-
01/04/2016	2.06	2.39	2.06	2.38	449	-
01/03/2016	2.21	2.21	2.04	2.06	366	-
01/02/2016	2.17	2.22	1.73	2.21	149	-
01/01/2016	2.18	2.21	2.03	2.17	1,364	-
12/31/2015	2.09	2.19	2.08	2.18	117	-
12/30/2015	1.98	2.15	1.92	2.09	216	-
12/29/2015	2.35	2.36	1.96	1.97	299	-
12/28/2015	2.09	2.42	2.07	2.35	281	-
12/27/2015	2.37	2.37	2.32	2.34	147	-
12/26/2015	2.52	2.59	2.30	2.37	148	-
12/25/2015	2.23	2.52	2.23	2.52	686	-
12/24/2015	2.10	2.30	2.04	2.23	441	-
12/23/2015	1.99	2.18	1.75	2.10	860	-
12/22/2015	2.04	2.53	1.99	1.99	372	-
12/21/2015	2.06	2.49	1.99	2.05	361	-
12/20/2015	2.39	2.63	2.02	2.06	514	-
12/19/2015	2.34	2.60	2.34	2.39	1,882	-
12/18/2015	2.19	2.23	2.18	2.20	113	-
12/17/2015	2.30	2.30	2.17	2.19	113	-
12/16/2015	2.29	2.32	2.19	2.30	236	-
12/15/2015	2.13	2.29	2.13	2.29	259	-
12/14/2015	2.17	2.24	2.15	2.23	2	-
12/13/2015	2.11	2.21	2.07	2.17	2	-
12/12/2015	2.18	2.25	1.98	2.11	512	-
12/11/2015	1.89	2.17	1.89	2.17	208	-
12/10/2015	1.67	2.10	1.67	1.89	580	-
12/09/2015	1.87	2.00	1.67	1.67	129	-
12/08/2015	1.66	1.88	1.64	1.88	155	-
12/07/2015	1.83	1.88	1.64	1.66	36	-
12/06/2015	1.84	1.90	1.82	1.83	548	-
12/05/2015	1.63	1.84	1.63	1.84	612	-
12/04/2015	1.56	1.63	1.55	1.63	230	-
12/03/2015	1.55	1.63	1.54	1.56	187	-
12/02/2015	1.56	1.61	1.46	1.54	86	-
12/01/2015	1.51	1.67	1.51	1.57	445	-
11/30/2015	1.78	1.86	1.48	1.51	510	-
11/29/2015	1.74	1.79	1.72	1.78	371	-
11/28/2015	1.71	1.76	1.68	1.74	510	-
11/27/2015	1.66	1.77	1.66	1.72	165	-
11/26/2015	1.59	1.76	1.58	1.67	170	-
11/25/2015	1.53	1.59	1.53	1.59	83	-
11/24/2015	1.53	1.53	1.51	1.51	20	-
11/23/2015	1.59	1.59	1.52	1.53	298	-
11/22/2015	1.60	1.60	1.54	1.59	185	-
11/21/2015	1.58	1.61	1.56	1.60	84	-
11/20/2015	1.59	1.60	1.50	1.58	207	-
11/19/2015	1.64	1.64	1.59	1.59	67	-
11/18/2015	1.64	1.65	1.62	1.64	44	-
11/17/2015	1.62	1.65	1.60	1.64	700	-
11/16/2015	1.56	1.62	1.50	1.62	478	-
11/15/2015	1.60	1.61	1.50	1.56	60	-
11/14/2015	1.61	1.64	1.53	1.60	518	-
11/13/2015	1.62	1.66	1.57	1.61	820	-
11/12/2015	1.66	1.77	1.49	1.62	2,958	-
11/11/2015	1.75	1.76	1.46	1.65	6,071	-
11/10/2015	1.94	1.97	1.65	1.74	2,087	-
11/09/2015	1.93	1.98	1.82	1.94	4,313	-
11/08/2015	1.98	2.01	1.90	1.92	1,092	-
11/07/2015	1.95	2.01	1.94	1.99	753	-
11/06/2015	1.97	1.97	1.83	1.83	73	-
11/05/2015	2.07	2.27	1.90	1.96	855	-
11/04/2015	2.08	2.55	1.93	2.09	9,166	-
11/03/2015	1.84	2.16	1.82	2.08	6,808	-
11/02/2015	1.68	1.89	1.64	1.84	4,418	-
11/01/2015	1.58	1.69	1.56	1.68	3,332	-
10/31/2015	1.70	1.72	1.55	1.57	3,770	-
10/30/2015	1.62	1.72	1.59	1.69	5,655	-
10/29/2015	1.55	1.62	1.52	1.62	4,211	-
10/28/2015	1.47	1.56	1.47	1.52	4,283	-
10/27/2015	1.47	1.48	1.46	1.47	728	-
