Date	Open	High	Low	Close	Volume	Market Cap
07/15/2018	0.064349	0.067014	0.063375	0.065875	230,901	44,900,300
07/14/2018	0.065258	0.067045	0.064048	0.064468	209,878	45,534,700
07/13/2018	0.065997	0.067963	0.064629	0.065607	340,843	46,050,200
07/12/2018	0.068987	0.069706	0.064441	0.066275	500,762	48,136,200
07/11/2018	0.069155	0.070300	0.067629	0.069183	392,161	48,253,800
07/10/2018	0.075107	0.076149	0.068019	0.069178	510,734	52,406,800
07/09/2018	0.080885	0.081154	0.076112	0.076112	491,353	56,438,800
07/08/2018	0.078245	0.083543	0.077884	0.080773	616,438	54,596,600
07/07/2018	0.080224	0.081119	0.073315	0.079182	600,831	55,977,500
07/06/2018	0.079936	0.081580	0.077204	0.080303	431,258	55,766,400
07/05/2018	0.085120	0.086917	0.078281	0.080234	660,511	59,383,500
07/04/2018	0.078542	0.088161	0.077470	0.085057	959,918	54,794,000
07/03/2018	0.085423	0.088484	0.078230	0.078486	853,516	59,569,000
07/02/2018	0.081653	0.087597	0.076239	0.085615	1,129,290	56,940,100
07/01/2018	0.071900	0.084352	0.070571	0.081012	1,136,620	50,138,700
06/30/2018	0.069572	0.075042	0.069416	0.071523	803,308	48,515,200
06/29/2018	0.069126	0.070676	0.064332	0.069462	450,182	48,204,700
06/28/2018	0.072664	0.076305	0.068381	0.068906	455,823	50,671,900
06/27/2018	0.074836	0.074836	0.069723	0.072588	325,705	52,186,500
06/26/2018	0.078992	0.079328	0.074010	0.075112	246,546	55,084,200
06/25/2018	0.075432	0.081062	0.074183	0.078955	349,063	52,602,000
06/24/2018	0.083218	0.084005	0.070050	0.075625	595,181	58,031,300
06/23/2018	0.079392	0.086433	0.079330	0.083359	408,101	55,363,200
06/22/2018	0.093312	0.094801	0.079098	0.079434	593,929	65,070,200
06/21/2018	0.092424	0.096952	0.091968	0.093489	753,712	64,451,300
06/20/2018	0.099312	0.099312	0.091516	0.092596	680,769	69,254,700
06/19/2018	0.105459	0.106186	0.098272	0.099226	1,023,080	73,541,000
06/18/2018	0.104794	0.105857	0.097914	0.105329	826,183	73,077,400
06/17/2018	0.099394	0.114290	0.099070	0.104719	2,503,790	69,311,800
06/16/2018	0.093251	0.101343	0.092131	0.098834	822,752	65,028,100
06/15/2018	0.095226	0.097572	0.091251	0.093686	833,654	66,404,700
06/14/2018	0.084800	0.097382	0.084465	0.095510	848,242	59,134,600
06/13/2018	0.091190	0.091434	0.082321	0.085112	737,901	63,590,300
06/12/2018	0.100248	0.102837	0.089079	0.090903	829,503	69,907,300
06/11/2018	0.102137	0.102667	0.096273	0.100084	791,954	71,224,700
06/10/2018	0.120512	0.120512	0.099072	0.101881	1,002,950	84,037,700
06/09/2018	0.124312	0.126125	0.120075	0.120075	717,928	86,688,200
06/08/2018	0.132088	0.133088	0.121248	0.124680	1,428,830	92,110,200
06/07/2018	0.135700	0.140078	0.131798	0.133051	1,010,910	94,629,400
06/06/2018	0.143785	0.144686	0.131781	0.135898	1,324,940	100,267,000
06/05/2018	0.140347	0.145282	0.135128	0.143977	622,857	97,870,100
06/04/2018	0.149349	0.151370	0.139100	0.140305	689,939	104,147,000
06/03/2018	0.146395	0.153732	0.146087	0.149961	887,363	102,087,000
06/02/2018	0.143522	0.149964	0.141528	0.146474	620,388	100,084,000
06/01/2018	0.144753	0.146810	0.139833	0.144021	1,064,910	100,741,000
05/31/2018	0.140436	0.148406	0.138417	0.144395	1,060,490	97,736,900
05/30/2018	0.144661	0.148659	0.136695	0.141252	1,554,030	100,677,000
05/29/2018	0.131759	0.149016	0.127183	0.144685	3,551,700	91,698,100
05/28/2018	0.149512	0.151676	0.131509	0.131883	1,726,490	104,053,000
05/27/2018	0.154780	0.155715	0.148660	0.149356	1,033,410	107,719,000
05/26/2018	0.152639	0.168066	0.150276	0.154629	1,513,040	106,229,000
05/25/2018	0.163913	0.168088	0.150163	0.152566	1,397,340	114,076,000
05/24/2018	0.151763	0.165160	0.144289	0.163967	1,293,130	105,620,000
05/23/2018	0.170228	0.170904	0.142059	0.152271	1,831,180	118,471,000
05/22/2018	0.183375	0.189530	0.168864	0.170216	1,412,930	127,072,000
05/21/2018	0.190800	0.191329	0.179431	0.183396	1,111,540	132,217,000
05/20/2018	0.187806	0.192952	0.185279	0.190644	1,679,040	130,142,000
05/19/2018	0.185026	0.190013	0.183267	0.188011	748,824	128,216,000
05/18/2018	0.184894	0.186448	0.177441	0.184467	1,523,920	128,124,000
05/17/2018	0.197908	0.201800	0.184234	0.185274	1,124,930	137,142,000
05/16/2018	0.205997	0.206267	0.188877	0.197134	1,625,400	136,568,000
05/15/2018	0.215461	0.223692	0.204685	0.205764	1,369,340	142,842,000
05/14/2018	0.221306	0.227520	0.199983	0.215299	2,452,420	146,717,000
05/13/2018	0.204251	0.225282	0.198262	0.221371	2,128,840	135,410,000
05/12/2018	0.205262	0.215651	0.189650	0.203839	2,118,220	136,081,000
05/11/2018	0.224573	0.226165	0.193238	0.205373	3,219,850	148,884,000
05/10/2018	0.246272	0.248078	0.223567	0.224085	2,741,770	163,269,000
05/09/2018	0.256573	0.256693	0.236172	0.246009	2,376,740	170,098,000
05/08/2018	0.262746	0.270896	0.248612	0.257044	2,811,220	174,190,000
05/07/2018	0.268978	0.269442	0.251170	0.260859	2,151,380	178,322,000
05/06/2018	0.293961	0.296731	0.263943	0.268535	2,451,030	194,885,000
05/05/2018	0.288434	0.310821	0.287660	0.293332	4,055,140	191,221,000
05/04/2018	0.290368	0.291283	0.278082	0.289225	3,869,380	192,503,000
05/03/2018	0.291663	0.300002	0.285045	0.291658	6,358,440	193,362,000
05/02/2018	0.276284	0.292084	0.269671	0.291485	6,012,130	183,166,000
05/01/2018	0.275643	0.285692	0.256688	0.276862	5,395,850	182,741,000
04/30/2018	0.268574	0.292032	0.255179	0.276003	8,318,510	178,054,000
04/29/2018	0.264298	0.274598	0.257532	0.268785	4,098,700	175,219,000
04/28/2018	0.254480	0.267594	0.252058	0.264179	4,037,360	168,710,000
04/27/2018	0.243986	0.269872	0.237621	0.255648	8,717,140	161,753,000
04/26/2018	0.223532	0.244190	0.216412	0.243415	4,423,110	148,193,000
04/25/2018	0.272451	0.272748	0.216553	0.220892	7,474,600	180,625,000
04/24/2018	0.251726	0.278809	0.250619	0.270813	8,690,900	166,885,000
04/23/2018	0.228133	0.258045	0.228133	0.251820	7,511,170	151,244,000
04/22/2018	0.221284	0.242397	0.215217	0.228715	4,797,020	146,703,000
04/21/2018	0.236764	0.237891	0.205154	0.222104	5,100,360	156,965,000
04/20/2018	0.229111	0.242100	0.218481	0.234657	5,654,220	151,892,000
04/19/2018	0.219114	0.229873	0.218162	0.229047	4,881,500	145,264,000
04/18/2018	0.203688	0.220485	0.202287	0.218990	4,830,700	135,037,000
04/17/2018	0.209951	0.213333	0.200876	0.203566	3,843,940	139,189,000
04/16/2018	0.216642	0.216873	0.195209	0.209781	4,313,440	143,625,000
04/15/2018	0.207558	0.216025	0.205616	0.216025	3,745,290	137,603,000
04/14/2018	0.186333	0.214025	0.185569	0.207524	5,865,780	123,532,000
04/13/2018	0.182988	0.210074	0.180000	0.187173	8,300,090	121,314,000
04/12/2018	0.167369	0.182759	0.159122	0.182058	5,230,240	110,959,000
04/11/2018	0.158757	0.170163	0.157544	0.169982	4,306,470	105,250,000
04/10/2018	0.156895	0.159582	0.151189	0.158350	3,038,240	104,015,000
04/09/2018	0.167944	0.169333	0.153139	0.156349	3,502,730	111,341,000
04/08/2018	0.152659	0.173417	0.152129	0.167516	4,798,620	101,207,000
04/07/2018	0.141077	0.165960	0.140777	0.152466	6,472,530	93,528,600
04/06/2018	0.143113	0.145495	0.136452	0.141013	2,834,650	94,878,400
04/05/2018	0.146499	0.150843	0.140053	0.143744	3,060,500	97,123,100
04/04/2018	0.171298	0.172085	0.144335	0.146768	3,216,510	113,564,000
04/03/2018	0.152322	0.172016	0.149102	0.171046	3,445,580	100,984,000
04/02/2018	0.152207	0.156672	0.147414	0.152243	3,061,430	100,907,000
04/01/2018	0.160295	0.162555	0.140055	0.151540	2,918,440	106,269,000
03/31/2018	0.165687	0.173506	0.159679	0.159955	3,018,460	109,844,000
03/30/2018	0.180366	0.195638	0.156250	0.166514	5,798,940	119,576,000
03/29/2018	0.217369	0.218075	0.178395	0.181578	4,622,710	144,107,000
03/28/2018	0.219418	0.223175	0.214384	0.217242	4,203,520	145,466,000
03/27/2018	0.227382	0.233505	0.206756	0.219314	3,707,060	150,745,000
03/26/2018	0.245696	0.276340	0.204584	0.227505	11,553,500	162,887,000
03/25/2018	0.228711	0.252427	0.225428	0.246671	4,331,910	151,626,000
03/24/2018	0.212639	0.245448	0.211793	0.231512	4,921,600	140,918,000
03/23/2018	0.226513	0.227164	0.197873	0.210627	5,041,890	150,111,000
03/22/2018	0.239694	0.256278	0.209462	0.225865	6,212,170	158,847,000
03/21/2018	0.216562	0.247708	0.212464	0.240102	8,184,970	143,517,000
03/20/2018	0.181727	0.216219	0.176370	0.214947	5,196,450	120,432,000
03/19/2018	0.161438	0.200241	0.153325	0.179973	6,406,300	106,986,000
03/18/2018	0.162839	0.164013	0.129833	0.161929	3,657,150	107,914,000
03/17/2018	0.177953	0.183250	0.157345	0.163157	3,389,320	117,930,000
03/16/2018	0.174809	0.190881	0.168860	0.178158	3,402,020	115,847,000
03/15/2018	0.185081	0.185863	0.164021	0.173096	4,315,350	122,654,000
03/14/2018	0.207365	0.221307	0.180543	0.185873	4,248,000	137,422,000
03/13/2018	0.204216	0.214642	0.200858	0.207041	1,621,720	135,335,000
03/12/2018	0.221544	0.223781	0.199117	0.204792	4,740,120	146,819,000
03/11/2018	0.197583	0.223914	0.191048	0.220810	1,686,860	130,940,000
03/10/2018	0.211527	0.225119	0.196706	0.197913	1,618,080	136,783,000
03/09/2018	0.214302	0.217747	0.187239	0.211151	2,602,720	137,506,000
03/08/2018	0.241974	0.243995	0.212603	0.214459	2,153,610	155,261,000
03/07/2018	0.269349	0.272581	0.216038	0.239546	3,236,680	172,777,000
03/06/2018	0.293299	0.293299	0.261083	0.269618	2,456,360	188,140,000
03/05/2018	0.297377	0.300727	0.291301	0.294751	2,801,210	190,756,000
03/04/2018	0.291545	0.300775	0.279922	0.297809	2,636,680	187,015,000
03/03/2018	0.300040	0.304929	0.282701	0.292030	2,932,070	192,465,000
03/02/2018	0.292783	0.308911	0.290290	0.300190	3,262,780	187,809,000
03/01/2018	0.276908	0.305626	0.272880	0.292136	3,582,380	177,626,000
02/28/2018	0.305775	0.309811	0.276889	0.277503	3,442,130	196,143,000
02/27/2018	0.302694	0.311312	0.300244	0.304022	3,375,480	194,167,000
02/26/2018	0.300965	0.311289	0.295191	0.300733	3,260,700	193,058,000
02/25/2018	0.303343	0.309521	0.292346	0.301072	3,144,010	194,583,000
02/24/2018	0.306887	0.328380	0.292436	0.304520	6,071,840	196,856,000
02/23/2018	0.290397	0.350304	0.280217	0.307662	19,599,000	186,279,000
02/22/2018	0.271169	0.341707	0.255263	0.292040	20,317,600	173,945,000
02/21/2018	0.292363	0.294754	0.262601	0.271569	2,698,680	187,540,000
02/20/2018	0.321316	0.325686	0.286083	0.293546	4,083,820	206,112,000
02/19/2018	0.310979	0.336376	0.310979	0.322081	3,013,600	199,481,000
02/18/2018	0.347866	0.350203	0.310522	0.312174	3,013,720	223,143,000
02/17/2018	0.334725	0.360053	0.332977	0.347505	3,379,130	214,713,000
02/16/2018	0.347796	0.352633	0.325342	0.334276	4,239,690	223,098,000
02/15/2018	0.314869	0.366026	0.314026	0.347162	7,401,790	201,977,000
02/14/2018	0.273386	0.320949	0.273386	0.314429	3,652,080	175,367,000
02/13/2018	0.295196	0.302240	0.264192	0.274219	3,581,560	189,357,000
02/12/2018	0.256282	0.305624	0.256282	0.295020	3,735,380	164,395,000
02/11/2018	0.277877	0.277877	0.243991	0.254547	2,358,850	178,248,000
02/10/2018	0.307830	0.325338	0.265334	0.278988	3,703,170	197,461,000
02/09/2018	0.281657	0.308387	0.269606	0.307355	2,448,460	180,649,000
02/08/2018	0.251445	0.294962	0.251445	0.280940	6,574,010	161,271,000
02/07/2018	0.284338	0.310803	0.246963	0.253086	9,075,690	182,368,000
02/06/2018	0.203676	0.301487	0.154607	0.286172	10,591,300	130,633,000
02/05/2018	0.281014	0.285091	0.185258	0.202808	7,329,070	180,236,000
02/04/2018	0.343872	0.343902	0.252415	0.282597	8,278,220	220,552,000
02/03/2018	0.320161	0.362531	0.287007	0.343931	8,541,000	205,344,000
02/02/2018	0.351464	0.351953	0.248083	0.318577	7,737,610	225,421,000
02/01/2018	0.418683	0.423935	0.319609	0.351554	10,563,900	268,534,000
01/31/2018	0.393693	0.501064	0.360672	0.418200	23,189,500	252,506,000
01/30/2018	0.452449	0.455775	0.359655	0.393047	11,177,500	290,191,000
01/29/2018	0.483546	0.489500	0.446466	0.452817	12,166,100	310,136,000
01/28/2018	0.494988	0.518105	0.482812	0.484424	15,180,900	317,475,000
01/27/2018	0.448971	0.492413	0.443672	0.489914	13,011,500	287,960,000
01/26/2018	0.461661	0.482533	0.424218	0.449830	12,525,500	296,099,000
01/25/2018	0.482831	0.500080	0.459889	0.463026	13,375,700	309,677,000
01/24/2018	0.487615	0.494141	0.457894	0.473772	14,439,800	312,746,000
01/23/2018	0.473599	0.508489	0.429649	0.488280	13,710,400	303,598,000
01/22/2018	0.499885	0.507526	0.426764	0.472681	14,939,000	320,449,000
01/21/2018	0.590531	0.591411	0.483203	0.496080	10,738,500	378,557,000
01/20/2018	0.568185	0.625170	0.554372	0.594110	21,739,200	364,232,000
01/19/2018	0.603648	0.651446	0.539450	0.563285	21,751,300	386,966,000
01/18/2018	0.551521	0.689144	0.540789	0.607574	23,603,100	353,550,000
01/17/2018	0.524433	0.580854	0.344969	0.544971	24,368,700	336,185,000
01/16/2018	0.642012	0.642012	0.369238	0.516118	25,687,200	411,559,000
01/15/2018	0.753242	0.753242	0.637972	0.638451	22,469,400	482,862,000
01/14/2018	0.761900	0.808516	0.662904	0.754567	27,384,800	488,412,000
01/13/2018	0.771632	0.797451	0.693083	0.745323	29,395,400	494,454,000
01/12/2018	0.753168	0.821138	0.722157	0.766569	23,359,800	482,622,000
01/11/2018	0.845668	0.976301	0.699395	0.748323	33,750,100	541,896,000
01/10/2018	0.882843	0.884262	0.775081	0.848041	30,264,900	565,717,000
01/09/2018	0.929591	0.978633	0.881287	0.886433	29,940,900	595,673,000
01/08/2018	0.943170	0.972057	0.780431	0.931085	30,092,800	604,372,000
01/07/2018	0.978230	1.05	0.924970	0.935619	24,492,400	626,839,000
01/06/2018	0.713111	1.18	0.713111	0.988417	89,019,600	456,953,000
01/05/2018	0.772082	0.834787	0.652700	0.708637	32,682,500	494,741,000
01/04/2018	0.768214	0.897974	0.724361	0.782032	34,914,100	492,256,000
01/03/2018	0.781770	0.811719	0.705001	0.766498	30,318,500	500,942,000
01/02/2018	0.812600	0.881387	0.650608	0.783648	56,771,500	520,698,000
01/01/2018	0.606538	0.888908	0.528808	0.820232	106,965,000	388,658,000
12/31/2017	0.396524	0.649130	0.375861	0.604142	47,903,000	254,085,000
12/30/2017	0.360508	0.407780	0.318354	0.396494	19,320,300	231,006,000
12/29/2017	0.303933	0.366299	0.293674	0.360390	12,046,300	194,754,000
12/28/2017	0.318454	0.319395	0.276014	0.303171	6,840,890	204,046,000
12/27/2017	0.335113	0.341860	0.299093	0.317542	7,611,190	214,720,000
12/26/2017	0.327392	0.379321	0.293587	0.333422	11,405,100	209,773,000
12/25/2017	0.288707	0.385201	0.269201	0.328839	12,432,300	184,986,000
12/24/2017	0.290085	0.292165	0.235980	0.285045	5,508,550	185,869,000
12/23/2017	0.255991	0.333436	0.248212	0.288806	9,936,340	164,024,000
12/22/2017	0.294359	0.300873	0.186468	0.253404	14,081,300	188,608,000
12/21/2017	0.299782	0.333064	0.272347	0.294627	16,067,100	192,082,000
12/20/2017	0.310208	0.317999	0.260709	0.300098	21,705,800	198,763,000
12/19/2017	0.355790	0.377624	0.287932	0.310548	19,799,300	227,969,000
12/18/2017	0.283383	0.377645	0.264380	0.355725	35,262,400	181,575,000
12/17/2017	0.261697	0.302748	0.256727	0.283163	17,974,300	167,680,000
12/16/2017	0.254884	0.267516	0.235737	0.260696	16,147,400	163,314,000
12/15/2017	0.261498	0.268478	0.211321	0.255055	16,429,200	167,552,000
12/14/2017	0.255263	0.288429	0.236253	0.261456	28,330,000	163,557,000
12/13/2017	0.177307	0.272700	0.163552	0.255226	28,625,700	113,608,000
12/12/2017	0.192333	0.196513	0.159684	0.177046	17,063,100	123,235,000
12/11/2017	0.163371	0.206036	0.159130	0.190591	24,906,100	104,678,000
12/10/2017	0.126278	0.175549	0.106947	0.157919	21,094,300	80,911,100
12/09/2017	0.111389	0.133321	0.110096	0.124014	8,072,170	71,371,500
12/08/2017	0.122835	0.133339	0.095494	0.111354	10,885,800	78,705,500
12/07/2017	0.102660	0.128930	0.096604	0.122683	13,564,500	65,778,500
12/06/2017	0.106618	0.108390	0.089949	0.102489	9,517,760	68,314,600
12/05/2017	0.098391	0.121817	0.097071	0.107920	15,195,300	63,042,800
12/04/2017	0.077889	0.098228	0.077145	0.098228	7,771,790	49,906,600
12/03/2017	0.067404	0.079215	0.065970	0.076967	3,874,740	43,188,600
12/02/2017	0.064330	0.067774	0.062752	0.067364	2,240,470	41,218,900
12/01/2017	0.064136	0.066323	0.057608	0.064210	2,468,760	40,790,400
11/30/2017	0.061562	0.069505	0.055188	0.063989	2,817,380	39,153,300
11/29/2017	0.072281	0.076607	0.059435	0.060481	3,437,910	45,970,600
11/28/2017	0.068946	0.075777	0.066314	0.071054	3,771,390	43,850,000
11/27/2017	0.065772	0.074799	0.064819	0.069193	3,375,890	41,831,000
11/26/2017	0.065553	0.066258	0.061269	0.065182	1,625,240	41,691,500
11/25/2017	0.071561	0.071938	0.063578	0.065568	3,164,900	45,512,500
11/24/2017	0.071909	0.074190	0.060078	0.071800	5,717,520	45,733,900
11/23/2017	0.055740	0.079246	0.054178	0.069938	6,487,150	35,450,400
11/22/2017	0.046835	0.057028	0.046537	0.056133	1,861,860	29,786,800
11/21/2017	0.050001	0.051121	0.046711	0.046872	1,077,260	31,800,800
11/20/2017	0.051330	0.053510	0.049155	0.050438	1,186,050	32,645,600
11/19/2017	0.047061	0.051969	0.046302	0.050492	735,454	29,930,600
11/18/2017	0.045388	0.049475	0.044650	0.047105	850,895	28,866,600
11/17/2017	0.051642	0.051642	0.044991	0.045858	1,170,020	32,844,300
11/16/2017	0.056024	0.056859	0.049049	0.051834	1,434,370	35,631,500
11/15/2017	0.056179	0.058158	0.053293	0.055949	1,206,350	35,729,700
11/14/2017	0.057308	0.059820	0.052628	0.056128	1,356,620	36,447,700
11/13/2017	0.047832	0.057537	0.046763	0.057330	1,433,980	30,421,000
11/12/2017	0.055419	0.056223	0.041846	0.047972	2,727,640	35,246,400
11/11/2017	0.057410	0.059495	0.052890	0.055546	1,236,560	36,513,000
11/10/2017	0.068246	0.069627	0.051800	0.058421	2,281,420	43,404,300
11/09/2017	0.056141	0.073733	0.056017	0.067972	3,332,220	35,705,600
11/08/2017	0.052646	0.059461	0.049570	0.056598	2,132,430	33,482,800
11/07/2017	0.047185	0.057031	0.046319	0.051965	2,508,120	30,010,000
11/06/2017	0.043177	0.048480	0.041005	0.047172	891,474	27,460,700
11/05/2017	0.042031	0.043536	0.040292	0.043104	504,456	26,732,000
11/04/2017	0.044666	0.044666	0.040485	0.040854	599,526	28,407,500
11/03/2017	0.033343	0.044218	0.033343	0.042902	1,218,340	21,206,400
11/02/2017	0.035601	0.035906	0.031107	0.032854	797,942	22,642,500
11/01/2017	0.038497	0.040706	0.034861	0.035618	999,690	24,483,900
10/31/2017	0.044471	0.045223	0.037788	0.038818	988,661	28,283,500
10/30/2017	0.044275	0.046567	0.043598	0.044811	792,476	28,158,700
10/29/2017	0.045064	0.049078	0.044138	0.044578	865,314	28,660,900
10/28/2017	0.049861	0.051151	0.044814	0.045096	868,531	31,711,300
10/27/2017	0.045734	0.053872	0.044377	0.049645	4,822,410	29,086,600
10/26/2017	0.047887	0.049666	0.044347	0.045706	565,052	30,455,900
10/25/2017	0.043266	0.048200	0.039549	0.047984	931,713	27,517,300
10/24/2017	0.051022	0.055664	0.041059	0.043221	1,284,900	32,449,900
10/23/2017	0.051823	0.053044	0.047136	0.051062	832,145	32,959,500
10/22/2017	0.052619	0.056028	0.047390	0.052355	1,245,180	33,465,500
10/21/2017	0.060705	0.060705	0.052595	0.052842	1,639,670	38,608,200
10/20/2017	0.058464	0.060890	0.053597	0.060783	5,914,220	-
