Date	Open	High	Low	Close	Volume	Market Cap
07/15/2018	1.01	1.09	1.01	1.04	677,831	63,686,600
07/14/2018	1.03	1.03	1.00	1.01	429,912	64,447,100
07/13/2018	1.00	1.08	0.994052	1.03	625,296	61,889,600
07/12/2018	1.02	1.05	0.964983	0.987042	2,405,950	63,180,800
07/11/2018	1.01	1.06	0.973503	1.03	1,898,350	62,525,200
07/10/2018	1.09	1.09	0.969154	1.01	1,716,250	66,812,200
07/09/2018	1.16	1.17	1.08	1.09	768,971	69,144,000
07/08/2018	1.20	1.22	1.16	1.16	772,671	71,711,000
07/07/2018	1.18	1.21	1.13	1.21	1,044,180	70,254,600
07/06/2018	1.17	1.23	1.13	1.18	1,822,960	69,410,800
07/05/2018	1.25	1.28	1.15	1.17	1,779,750	74,031,900
07/04/2018	1.20	1.30	1.20	1.24	1,866,610	71,334,700
07/03/2018	1.27	1.31	1.20	1.20	2,194,970	75,469,800
07/02/2018	1.13	1.32	1.13	1.28	2,396,590	67,143,500
07/01/2018	1.11	1.18	1.09	1.13	2,072,680	65,846,200
06/30/2018	1.02	1.12	1.02	1.11	2,086,530	60,338,700
06/29/2018	0.964399	1.04	0.930875	1.01	1,101,380	57,152,400
06/28/2018	1.04	1.05	0.973918	0.978845	1,157,800	61,819,300
06/27/2018	0.993909	1.06	0.986094	1.05	742,269	58,812,500
06/26/2018	1.04	1.05	0.992141	0.996756	889,428	61,733,200
06/25/2018	0.968673	1.08	0.956980	1.05	1,267,280	57,279,000
06/24/2018	1.10	1.10	0.882896	0.970023	2,397,720	64,750,000
06/23/2018	1.12	1.14	1.07	1.10	1,622,700	66,044,800
06/22/2018	1.38	1.39	1.08	1.11	2,295,380	81,822,200
06/21/2018	1.29	1.42	1.28	1.38	2,624,630	76,120,400
06/20/2018	1.28	1.30	1.22	1.28	1,276,340	75,560,100
06/19/2018	1.24	1.34	1.23	1.27	2,689,620	73,450,800
06/18/2018	1.18	1.27	1.14	1.24	2,526,430	69,652,700
06/17/2018	1.21	1.23	1.18	1.19	1,781,920	71,328,400
06/16/2018	1.21	1.24	1.17	1.20	3,018,020	71,375,500
06/15/2018	1.30	1.31	1.21	1.22	2,299,920	77,007,200
06/14/2018	1.14	1.35	1.14	1.31	3,270,330	67,234,200
06/13/2018	1.25	1.26	1.08	1.14	2,855,680	73,692,300
06/12/2018	1.43	1.43	1.19	1.22	3,670,350	84,287,500
06/11/2018	1.43	1.44	1.34	1.44	3,266,700	84,460,000
06/10/2018	1.74	1.74	1.39	1.44	4,330,850	102,872,000
06/09/2018	1.85	1.85	1.75	1.75	3,549,610	109,156,000
06/08/2018	1.94	1.94	1.83	1.86	3,312,170	114,230,000
06/07/2018	1.95	1.98	1.92	1.93	3,230,770	114,885,000
06/06/2018	2.01	2.02	1.90	1.95	3,900,790	118,397,000
06/05/2018	1.97	2.02	1.85	2.00	3,080,150	116,111,000
06/04/2018	2.12	2.16	1.91	1.96	4,286,910	124,869,000
06/03/2018	2.09	2.19	2.07	2.13	3,711,340	123,128,000
06/02/2018	2.03	2.10	2.01	2.09	3,582,510	119,666,000
06/01/2018	2.05	2.07	1.98	2.03	3,302,930	120,895,000
05/31/2018	1.94	2.10	1.91	2.05	4,317,130	114,167,000
05/30/2018	2.01	2.10	1.89	1.94	4,140,500	118,281,000
05/29/2018	1.78	2.04	1.77	2.01	3,907,470	104,716,000
05/28/2018	2.02	2.05	1.77	1.77	4,257,650	119,282,000
05/27/2018	2.07	2.08	2.03	2.03	3,059,890	122,285,000
05/26/2018	2.13	2.17	2.05	2.07	3,629,970	125,778,000
05/25/2018	2.21	2.25	2.11	2.14	3,665,840	130,175,000
05/24/2018	2.10	2.25	2.00	2.20	4,655,930	123,986,000
05/23/2018	2.37	2.38	2.04	2.11	5,461,060	139,544,000
05/22/2018	2.75	2.76	2.30	2.37	7,221,820	161,875,000
05/21/2018	2.90	2.90	2.66	2.75	5,097,120	170,817,000
05/20/2018	2.81	2.90	2.76	2.90	5,263,210	165,542,000
05/19/2018	2.77	2.85	2.75	2.80	4,810,950	163,202,000
05/18/2018	2.68	2.81	2.62	2.77	5,031,050	157,776,000
05/17/2018	2.93	3.04	2.65	2.67	5,900,510	172,443,000
05/16/2018	3.10	3.10	2.87	2.93	6,260,630	182,756,000
05/15/2018	3.44	3.66	3.06	3.11	11,141,900	202,467,000
05/14/2018	3.22	3.59	2.91	3.43	10,412,900	189,478,000
05/13/2018	2.84	3.26	2.82	3.21	8,408,720	167,059,000
05/12/2018	2.77	2.94	2.60	2.84	4,870,980	162,708,000
05/11/2018	3.11	3.22	2.67	2.75	7,662,620	182,655,000
05/10/2018	3.56	3.57	3.11	3.12	8,517,990	209,450,000
05/09/2018	3.45	3.58	3.29	3.55	7,122,390	202,717,000
05/08/2018	3.70	3.82	3.45	3.45	7,353,180	217,174,000
05/07/2018	3.86	3.86	3.50	3.70	8,160,500	226,200,000
05/06/2018	4.09	4.11	3.64	3.85	9,860,920	239,878,000
05/05/2018	4.06	4.32	3.98	4.09	10,024,900	235,855,000
05/04/2018	4.26	4.31	4.01	4.07	8,769,150	247,107,000
05/03/2018	4.20	4.55	4.14	4.26	12,541,100	243,557,000
05/02/2018	4.05	4.23	3.98	4.20	9,666,770	235,265,000
05/01/2018	4.02	4.07	3.80	4.06	6,881,740	233,018,000
04/30/2018	4.38	4.38	3.99	4.02	9,688,330	253,979,000
04/29/2018	4.03	4.45	3.85	4.40	16,580,400	233,701,000
04/28/2018	3.65	4.28	3.65	4.06	12,798,500	211,807,000
04/27/2018	3.68	3.92	3.59	3.68	8,764,850	213,423,000
04/26/2018	3.41	3.70	3.27	3.69	9,036,570	197,351,000
04/25/2018	4.08	4.08	3.30	3.37	9,996,490	236,483,000
04/24/2018	3.64	4.24	3.59	4.09	15,756,400	211,056,000
04/23/2018	3.59	3.71	3.48	3.64	11,787,900	207,613,000
04/22/2018	3.36	3.61	3.34	3.61	10,209,500	194,450,000
04/21/2018	3.56	3.56	3.12	3.38	9,625,230	206,221,000
04/20/2018	3.40	3.61	3.26	3.56	11,898,200	196,870,000
04/19/2018	3.14	3.47	3.13	3.41	13,612,200	182,077,000
04/18/2018	2.75	3.18	2.74	3.14	12,137,600	159,020,000
04/17/2018	2.72	2.89	2.68	2.76	8,468,020	157,373,000
04/16/2018	2.94	2.95	2.63	2.72	7,084,090	168,627,000
04/15/2018	2.80	3.01	2.75	2.94	7,150,100	160,661,000
04/14/2018	2.66	2.86	2.66	2.79	8,067,400	151,421,000
04/13/2018	2.57	2.91	2.53	2.65	10,678,700	146,105,000
04/12/2018	2.33	2.57	2.21	2.56	8,819,420	131,164,000
04/11/2018	2.17	2.39	2.16	2.32	9,459,940	122,079,000
04/10/2018	2.04	2.26	2.04	2.17	13,244,200	114,845,000
04/09/2018	2.05	2.18	1.96	2.03	6,708,600	115,438,000
04/08/2018	1.99	2.11	1.98	2.05	5,600,700	111,730,000
04/07/2018	1.90	2.03	1.90	1.98	4,803,350	106,998,000
04/06/2018	1.99	2.01	1.89	1.90	5,016,770	112,226,000
04/05/2018	1.98	2.02	1.90	2.00	5,226,940	111,533,000
04/04/2018	2.21	2.28	1.95	1.98	6,293,140	124,273,000
04/03/2018	2.05	2.26	2.03	2.23	6,042,630	115,119,000
04/02/2018	1.96	2.11	1.94	2.05	5,484,570	109,773,000
04/01/2018	2.04	2.15	1.84	1.95	5,655,850	114,594,000
03/31/2018	2.00	2.14	1.99	2.05	5,488,390	112,046,000
03/30/2018	2.10	2.20	1.94	2.00	5,966,290	116,851,000
03/29/2018	2.65	2.69	2.05	2.10	6,845,740	148,186,000
03/28/2018	2.53	2.83	2.51	2.65	8,138,380	141,059,000
03/27/2018	2.68	2.82	2.51	2.53	5,776,100	149,426,000
03/26/2018	3.07	3.08	2.52	2.69	7,913,740	171,188,000
03/25/2018	3.16	3.17	3.00	3.07	7,554,210	176,536,000
03/24/2018	3.02	3.50	2.99	3.21	10,169,200	168,418,000
03/23/2018	2.94	3.21	2.73	2.97	11,087,600	163,976,000
03/22/2018	2.84	3.10	2.63	2.94	10,443,900	158,545,000
03/21/2018	2.63	2.97	2.61	2.84	9,371,800	146,916,000
03/20/2018	2.45	2.70	2.32	2.62	8,383,630	136,476,000
03/19/2018	2.36	2.49	2.15	2.42	5,386,120	131,703,000
03/18/2018	2.35	2.37	1.98	2.37	5,696,140	130,936,000
03/17/2018	2.67	2.68	2.30	2.35	4,504,650	149,018,000
03/16/2018	2.71	2.83	2.58	2.68	5,155,340	151,234,000
03/15/2018	2.82	2.82	2.54	2.72	5,289,680	157,494,000
03/14/2018	3.09	3.40	2.68	2.82	6,132,140	172,042,000
03/13/2018	3.03	3.19	2.40	3.09	3,421,610	168,713,000
03/12/2018	3.18	3.30	2.96	3.06	7,842,240	177,238,000
03/11/2018	2.92	3.30	2.77	3.19	2,810,430	162,688,000
03/10/2018	3.20	3.45	2.90	2.92	3,262,550	177,087,000
03/09/2018	3.09	3.21	2.70	3.19	3,543,590	170,454,000
03/08/2018	3.39	3.48	2.99	3.10	4,568,460	183,626,000
03/07/2018	3.89	3.94	3.05	3.37	5,285,930	211,002,000
03/06/2018	4.23	4.23	3.83	3.90	3,713,720	229,095,000
03/05/2018	4.33	4.39	4.21	4.23	3,801,760	234,736,000
03/04/2018	4.44	4.48	4.10	4.31	4,492,660	240,750,000
03/03/2018	4.47	4.67	4.34	4.44	5,905,070	241,689,000
03/02/2018	4.08	4.59	4.06	4.52	13,586,300	220,863,000
03/01/2018	3.91	4.23	3.71	4.08	7,067,680	211,680,000
02/28/2018	4.16	4.30	3.89	3.90	5,546,170	225,262,000
02/27/2018	4.15	4.43	3.97	4.16	4,722,260	225,173,000
02/26/2018	4.21	4.36	3.99	4.11	4,549,720	228,295,000
02/25/2018	4.50	4.65	4.00	4.19	8,091,020	243,866,000
02/24/2018	4.23	4.79	4.11	4.51	15,467,300	227,491,000
02/23/2018	3.91	4.22	3.76	4.22	4,390,580	210,651,000
02/22/2018	3.95	4.33	3.69	3.91	3,609,040	213,090,000
02/21/2018	4.33	4.46	3.88	3.95	4,594,930	232,860,000
02/20/2018	4.70	4.81	4.28	4.31	6,223,760	252,030,000
02/19/2018	4.68	5.06	4.63	4.70	6,276,290	250,445,000
02/18/2018	5.34	5.40	4.68	4.71	5,161,320	285,994,000
02/17/2018	5.42	5.76	5.27	5.35	7,030,850	289,350,000
02/16/2018	4.91	5.45	4.62	5.42	9,043,360	261,893,000
02/15/2018	4.35	4.89	4.23	4.89	7,778,470	231,557,000
02/14/2018	4.06	4.43	4.05	4.35	4,726,930	215,443,000
02/13/2018	4.33	4.36	4.03	4.06	2,446,450	229,871,000
02/12/2018	3.93	4.38	3.93	4.32	3,173,750	207,778,000
02/11/2018	4.43	4.44	3.90	3.90	3,031,990	234,515,000
02/10/2018	4.68	4.91	4.20	4.45	3,975,030	247,283,000
02/09/2018	4.42	4.75	4.18	4.68	3,704,030	234,256,000
02/08/2018	4.09	4.65	4.09	4.42	6,599,090	216,651,000
02/07/2018	4.34	5.16	3.79	4.11	8,832,610	236,118,000
02/06/2018	3.56	4.47	2.85	4.36	8,237,130	193,456,000
02/05/2018	4.38	4.43	2.92	3.53	7,480,310	237,429,000
02/04/2018	5.33	5.54	3.97	4.43	9,261,420	288,302,000
02/03/2018	4.76	5.61	4.42	5.33	9,070,050	255,253,000
02/02/2018	5.16	5.16	3.51	4.76	7,187,960	276,273,000
02/01/2018	6.06	6.26	4.66	5.18	10,779,700	323,319,000
01/31/2018	6.15	6.40	5.66	6.05	11,780,200	326,753,000
01/30/2018	7.61	7.61	5.95	6.18	11,705,600	404,231,000
01/29/2018	7.71	7.77	7.23	7.62	10,633,100	408,827,000
01/28/2018	7.95	8.16	7.68	7.72	14,353,800	421,285,000
01/27/2018	7.93	8.24	7.62	7.88	11,862,100	419,299,000
01/26/2018	7.50	8.20	7.02	7.92	17,761,400	393,300,000
01/25/2018	8.04	8.08	7.33	7.54	14,523,300	421,495,000
01/24/2018	7.53	8.14	7.32	7.91	15,163,100	395,031,000
01/23/2018	7.39	7.96	6.78	7.56	10,705,900	525,752,000
01/22/2018	8.22	8.33	6.91	7.46	12,546,800	584,619,000
01/21/2018	9.93	10.01	7.92	8.14	10,749,100	706,370,000
01/20/2018	7.99	9.91	7.99	9.83	19,744,600	567,825,000
01/19/2018	8.17	8.98	7.87	7.91	20,608,700	581,109,000
01/18/2018	8.55	9.13	7.82	8.23	16,360,400	608,296,000
01/17/2018	8.26	8.62	5.99	8.44	17,122,300	579,313,000
01/16/2018	10.32	10.34	6.68	8.30	20,321,200	558,690,000
01/15/2018	11.26	11.59	10.34	10.34	20,113,900	609,834,000
01/14/2018	11.73	11.84	10.43	11.33	19,307,300	635,399,000
01/13/2018	12.20	12.65	11.65	11.73	22,171,100	660,935,000
01/12/2018	11.55	13.01	11.18	12.20	21,515,000	625,728,000
01/11/2018	13.03	13.18	10.34	11.43	26,521,200	709,930,000
01/10/2018	14.54	14.68	12.59	13.14	35,351,900	792,632,000
01/09/2018	14.44	16.27	13.62	14.54	52,787,400	787,175,000
01/08/2018	13.17	16.58	11.26	14.64	85,218,400	718,074,000
01/07/2018	12.59	13.98	12.10	13.13	45,933,200	686,038,000
01/06/2018	11.03	13.45	10.77	12.53	41,980,300	601,296,000
01/05/2018	12.93	13.45	10.74	11.06	43,428,800	705,070,000
01/04/2018	11.65	13.91	11.47	12.92	59,457,600	635,369,000
01/03/2018	11.95	12.78	11.10	11.53	44,618,100	651,912,000
01/02/2018	12.45	12.75	11.79	11.94	45,439,100	673,909,000
01/01/2018	12.86	13.07	11.64	12.41	35,137,200	697,227,000
12/31/2017	12.18	13.49	12.14	12.81	33,189,700	661,143,000
12/30/2017	14.36	14.73	11.74	12.39	40,654,100	779,372,000
12/29/2017	16.68	17.74	14.28	14.33	66,210,600	905,906,000
12/28/2017	16.04	16.85	13.18	16.36	130,469,000	862,960,000
12/27/2017	12.61	15.02	11.89	15.02	42,588,800	678,343,000
12/26/2017	11.90	12.87	10.42	12.75	32,470,100	640,325,000
12/25/2017	10.06	12.65	9.87	11.87	34,627,100	541,472,000
12/24/2017	10.10	10.27	8.73	9.95	13,424,700	543,720,000
12/23/2017	8.89	10.91	8.83	10.02	17,854,100	460,273,000
12/22/2017	11.25	11.25	6.55	8.76	27,288,000	579,611,000
12/21/2017	9.12	11.28	8.88	11.28	33,123,300	470,384,000
12/20/2017	10.20	10.20	8.66	9.08	27,937,400	526,042,000
12/19/2017	11.17	11.67	9.75	10.11	36,828,800	569,346,000
12/18/2017	9.95	11.39	9.38	11.16	32,649,100	506,984,000
12/17/2017	10.19	10.51	9.85	9.96	17,546,300	519,983,000
12/16/2017	9.01	10.63	8.74	10.17	23,375,500	459,718,000
12/15/2017	9.38	9.38	8.17	9.06	25,707,100	478,509,000
12/14/2017	7.63	9.52	7.54	9.45	24,991,300	389,285,000
12/13/2017	7.67	8.02	7.23	7.65	16,650,600	391,145,000
12/12/2017	7.40	7.99	7.24	7.68	20,261,300	373,749,000
12/11/2017	7.27	8.29	7.23	7.36	15,579,400	367,340,000
12/10/2017	8.08	8.08	7.06	7.28	14,546,100	408,553,000
12/09/2017	7.77	8.54	7.44	8.07	19,052,200	392,636,000
12/08/2017	7.04	8.04	6.56	7.75	20,075,900	356,246,000
12/07/2017	7.44	8.65	6.71	7.04	31,185,000	376,578,000
12/06/2017	6.38	8.15	5.60	7.48	35,772,100	323,762,000
12/05/2017	6.68	6.75	6.23	6.39	13,171,800	338,931,000
12/04/2017	5.58	6.83	5.52	6.71	19,911,800	283,357,000
12/03/2017	5.07	5.74	5.05	5.56	12,708,800	257,036,000
12/02/2017	4.60	5.56	4.60	5.18	16,700,600	233,160,000
12/01/2017	4.38	4.66	4.11	4.58	7,879,480	217,661,000
11/30/2017	3.61	4.37	3.39	4.37	8,971,200	179,775,000
11/29/2017	4.21	4.64	3.53	3.55	7,243,310	208,328,000
11/28/2017	4.33	4.40	4.10	4.23	6,433,560	213,329,000
11/27/2017	4.41	4.61	4.20	4.35	6,660,970	215,699,000
11/26/2017	3.92	4.60	3.83	4.37	6,857,590	191,937,000
11/25/2017	3.65	3.92	3.57	3.92	4,452,600	178,604,000
11/24/2017	3.61	3.71	3.45	3.65	4,521,800	176,742,000
11/23/2017	3.67	3.74	3.47	3.62	5,002,100	179,844,000
11/22/2017	3.69	3.76	3.48	3.67	4,335,110	180,485,000
11/21/2017	3.75	3.81	3.46	3.66	4,021,460	183,684,000
11/20/2017	3.63	3.85	3.53	3.74	5,253,100	177,773,000
11/19/2017	3.94	4.03	3.36	3.57	7,020,010	192,781,000
11/18/2017	3.37	4.06	3.34	3.95	4,922,050	164,922,000
11/17/2017	3.56	3.74	3.24	3.37	4,069,920	173,996,000
11/16/2017	3.82	3.90	3.50	3.59	5,030,580	187,189,000
11/15/2017	3.88	3.98	3.76	3.84	4,302,840	190,015,000
11/14/2017	3.96	4.08	3.74	3.87	4,635,890	194,348,000
11/13/2017	3.45	3.97	3.45	3.95	4,445,720	161,456,000
11/12/2017	3.88	3.89	2.92	3.42	5,216,980	181,196,000
11/11/2017	3.78	4.37	3.71	3.89	6,157,120	176,728,000
11/10/2017	4.14	4.26	3.59	3.81	6,291,400	193,321,000
11/09/2017	3.66	4.24	3.48	4.19	10,186,400	171,178,000
11/08/2017	3.13	4.09	2.94	3.67	10,930,800	146,252,000
11/07/2017	2.79	3.26	2.79	3.14	6,463,600	130,316,000
11/06/2017	2.59	3.06	2.48	2.84	6,400,980	121,071,000
11/05/2017	2.35	2.64	2.35	2.60	3,216,540	110,083,000
11/04/2017	2.57	2.68	2.34	2.34	3,843,900	120,223,000
11/03/2017	2.30	2.70	2.22	2.58	4,608,760	107,618,000
11/02/2017	2.26	2.61	2.16	2.30	4,052,270	105,729,000
11/01/2017	2.66	2.67	2.14	2.25	4,220,950	124,172,000
10/31/2017	2.68	2.90	2.59	2.65	4,393,950	125,514,000
10/30/2017	2.95	2.99	2.65	2.71	3,316,740	138,111,000
10/29/2017	2.85	3.07	2.78	2.97	3,768,150	133,098,000
10/28/2017	2.94	3.03	2.77	2.85	3,545,970	137,541,000
10/27/2017	3.04	3.10	2.89	2.92	3,240,800	142,242,000
10/26/2017	3.27	3.36	2.95	3.04	5,668,710	152,880,000
10/25/2017	3.05	3.32	2.81	3.29	6,644,420	142,405,000
10/24/2017	3.06	3.45	2.85	3.05	6,991,420	143,132,000
10/23/2017	3.56	3.84	2.75	3.07	13,532,400	166,425,000
10/22/2017	2.51	3.47	2.51	3.47	5,401,130	117,315,000
10/21/2017	2.75	2.81	2.40	2.53	5,154,440	150,237,000
10/20/2017	2.97	3.02	2.61	2.76	4,634,470	162,640,000
10/19/2017	2.96	3.04	2.89	2.98	3,695,910	161,803,000
10/18/2017	3.08	3.19	2.74	2.96	4,956,180	168,367,000
10/17/2017	3.46	3.51	2.86	3.05	6,084,920	189,382,000
10/16/2017	3.00	4.08	2.84	3.43	5,613,960	164,118,000
10/15/2017	2.94	3.17	2.70	2.96	1,371,840	160,713,000
10/14/2017	3.27	3.44	2.88	2.95	1,515,720	178,682,000
10/13/2017	3.58	3.58	2.84	3.26	2,599,040	195,851,000
10/12/2017	3.86	3.87	3.17	3.59	2,160,950	210,884,000
10/11/2017	3.33	4.04	3.27	3.83	3,229,530	181,908,000
10/10/2017	3.05	3.34	2.74	3.32	2,384,720	166,755,000
10/09/2017	3.45	3.49	3.03	3.07	2,942,420	188,748,000
10/08/2017	3.35	3.79	3.24	3.47	2,501,230	182,975,000
10/07/2017	3.98	3.98	3.09	3.33	3,388,420	217,867,000
10/06/2017	4.22	4.54	3.77	4.05	2,282,420	230,475,000
10/05/2017	4.25	4.28	3.77	4.19	3,646,930	232,177,000
10/04/2017	5.40	5.41	3.88	4.24	4,136,630	198,035,000
10/03/2017	6.52	6.60	4.94	5.41	5,546,400	238,819,000
10/02/2017	7.27	7.39	6.38	6.53	13,543,300	247,626,000
10/01/2017	5.78	7.69	4.92	7.28	15,741,400	191,963,000
09/30/2017	4.18	6.29	4.18	5.68	6,410,870	32,679,300
09/29/2017	6.91	8.48	3.52	4.34	4,174,650	53,970,200
