Date	Open	High	Low	Close	Volume	Market Cap
07/15/2018	0.065694	0.068271	0.065199	0.067141	7,315,170	227,990,000
07/14/2018	0.065824	0.066693	0.064638	0.065693	6,556,010	228,441,000
07/13/2018	0.065540	0.066745	0.064875	0.065866	8,609,010	227,457,000
07/12/2018	0.069278	0.069278	0.063313	0.065055	9,427,140	240,427,000
07/11/2018	0.066840	0.071372	0.064744	0.069454	15,008,500	231,967,000
07/10/2018	0.075215	0.075215	0.066673	0.066780	11,227,500	261,031,000
07/09/2018	0.080353	0.080353	0.075401	0.075401	9,781,100	278,862,000
07/08/2018	0.081957	0.082781	0.079982	0.080461	9,018,920	284,432,000
07/07/2018	0.085805	0.085805	0.077511	0.081896	11,221,600	297,785,000
07/06/2018	0.085646	0.088387	0.079214	0.086112	26,501,700	297,234,000
07/05/2018	0.081537	0.090517	0.080255	0.085833	33,658,500	282,974,000
07/04/2018	0.076321	0.083681	0.076321	0.081136	33,168,200	264,870,000
07/03/2018	0.070480	0.077701	0.069796	0.077701	22,342,700	244,599,000
07/02/2018	0.065940	0.076745	0.064937	0.070764	14,404,800	228,843,000
07/01/2018	0.067137	0.077719	0.062952	0.077173	26,430,900	232,999,000
06/30/2018	0.057540	0.077851	0.057540	0.067237	32,247,200	199,693,000
06/29/2018	0.051858	0.066142	0.051439	0.057566	6,530,340	179,972,000
06/28/2018	0.056220	0.056752	0.051396	0.051894	5,735,020	195,111,000
06/27/2018	0.053983	0.057949	0.053339	0.056179	6,504,680	187,346,000
06/26/2018	0.057483	0.057573	0.054060	0.054060	4,928,710	199,495,000
06/25/2018	0.056297	0.058560	0.055234	0.057479	6,000,740	195,377,000
06/24/2018	0.060952	0.060952	0.051530	0.056403	8,460,600	211,532,000
06/23/2018	0.062209	0.063667	0.059703	0.060825	7,327,470	215,896,000
06/22/2018	0.071918	0.071994	0.061336	0.062167	7,858,000	249,591,000
06/21/2018	0.073709	0.074212	0.071340	0.071970	6,777,780	255,807,000
06/20/2018	0.075946	0.076001	0.071494	0.073837	9,794,990	263,569,000
06/19/2018	0.075541	0.076715	0.073959	0.075753	11,134,200	262,165,000
06/18/2018	0.073765	0.076326	0.072292	0.075567	10,121,500	256,000,000
06/17/2018	0.075968	0.076456	0.073882	0.073976	9,197,120	263,644,000
06/16/2018	0.075474	0.076325	0.073931	0.075757	9,873,300	261,932,000
06/15/2018	0.079749	0.079749	0.075285	0.075614	13,841,000	276,769,000
06/14/2018	0.073437	0.083561	0.073437	0.079743	33,096,800	254,861,000
06/13/2018	0.077210	0.077664	0.070244	0.073251	17,724,500	267,955,000
06/12/2018	0.081804	0.082492	0.076231	0.077055	19,396,000	283,901,000
06/11/2018	0.081108	0.083302	0.078116	0.082005	18,698,200	281,484,000
06/10/2018	0.092369	0.092369	0.079119	0.081095	16,434,700	320,565,000
06/09/2018	0.094012	0.095344	0.092407	0.092407	14,326,600	326,268,000
06/08/2018	0.095862	0.096041	0.093350	0.094014	17,110,900	332,689,000
06/07/2018	0.096166	0.099209	0.095423	0.095762	15,266,600	333,742,000
06/06/2018	0.098329	0.098763	0.094189	0.096062	20,280,400	341,249,000
06/05/2018	0.096512	0.098678	0.092157	0.098099	22,694,500	334,943,000
06/04/2018	0.103369	0.104256	0.095012	0.096499	22,554,400	358,741,000
06/03/2018	0.103734	0.106147	0.102495	0.103206	21,577,200	360,006,000
06/02/2018	0.100191	0.104172	0.099749	0.103724	23,455,100	347,711,000
06/01/2018	0.100991	0.102383	0.097537	0.100293	21,014,400	350,488,000
05/31/2018	0.096277	0.103836	0.095793	0.100936	23,164,300	334,128,000
05/30/2018	0.095740	0.100208	0.094097	0.096238	24,203,600	332,265,000
05/29/2018	0.088077	0.096839	0.088077	0.095558	19,265,000	305,670,000
05/28/2018	0.093523	0.095218	0.088067	0.088238	14,121,600	324,569,000
05/27/2018	0.094395	0.095679	0.092915	0.093457	11,293,400	327,598,000
05/26/2018	0.094509	0.097864	0.093425	0.094429	12,781,400	327,992,000
05/25/2018	0.098591	0.098814	0.093029	0.094667	18,393,400	342,159,000
05/24/2018	0.095068	0.098824	0.090835	0.098278	28,566,500	329,933,000
05/23/2018	0.106105	0.106524	0.092930	0.095250	32,184,800	368,236,000
05/22/2018	0.115550	0.115603	0.105785	0.106293	25,676,600	401,013,000
05/21/2018	0.118234	0.119911	0.114539	0.115749	35,027,400	410,328,000
05/20/2018	0.114488	0.120810	0.113426	0.117948	30,077,000	397,328,000
05/19/2018	0.114311	0.117147	0.112003	0.114427	30,937,100	396,715,000
05/18/2018	0.113268	0.114906	0.110298	0.114732	27,366,600	393,094,000
05/17/2018	0.117509	0.121148	0.112558	0.113140	33,122,500	407,812,000
05/16/2018	0.119754	0.120720	0.113321	0.117029	35,949,400	415,605,000
05/15/2018	0.127661	0.129818	0.118948	0.119862	35,601,900	443,047,000
05/14/2018	0.132312	0.132312	0.121302	0.128970	35,848,900	459,188,000
05/13/2018	0.125424	0.134533	0.122398	0.131897	30,728,900	435,281,000
05/12/2018	0.124259	0.129555	0.114042	0.124652	41,984,600	431,239,000
05/11/2018	0.143108	0.144676	0.119438	0.124596	54,182,900	496,653,000
05/10/2018	0.154057	0.159580	0.143237	0.143237	38,331,700	534,651,000
05/09/2018	0.158698	0.158860	0.147785	0.154009	37,500,200	550,759,000
05/08/2018	0.156869	0.161973	0.152781	0.158792	46,992,000	544,412,000
05/07/2018	0.164802	0.165064	0.152004	0.156573	37,287,300	571,944,000
05/06/2018	0.176191	0.176191	0.159897	0.164732	49,216,500	611,469,000
05/05/2018	0.168579	0.177537	0.168460	0.175958	57,210,000	585,052,000
05/04/2018	0.166797	0.173523	0.162244	0.168305	53,840,200	578,865,000
05/03/2018	0.162494	0.177775	0.159334	0.167487	69,083,100	563,934,000
05/02/2018	0.157042	0.163349	0.155296	0.162480	36,960,500	545,012,000
05/01/2018	0.157871	0.160030	0.148124	0.157655	53,708,600	547,890,000
04/30/2018	0.172984	0.172984	0.157233	0.158083	47,581,900	600,338,000
04/29/2018	0.160506	0.184934	0.158982	0.172803	142,722,000	557,032,000
04/28/2018	0.139307	0.162356	0.139256	0.160330	77,434,100	483,462,000
04/27/2018	0.145597	0.146660	0.139817	0.139817	46,006,200	505,292,000
04/26/2018	0.135443	0.146149	0.129324	0.146129	64,894,800	470,052,000
04/25/2018	0.160717	0.160717	0.132561	0.134944	80,012,200	557,765,000
04/24/2018	0.150729	0.162992	0.150632	0.161205	97,652,700	523,101,000
04/23/2018	0.149944	0.151878	0.149278	0.151240	40,686,200	520,379,000
04/22/2018	0.152545	0.155887	0.146567	0.150240	59,283,700	529,405,000
04/21/2018	0.152493	0.160481	0.141600	0.154988	111,787,000	529,226,000
04/20/2018	0.138038	0.151835	0.135763	0.151447	94,652,400	479,060,000
04/19/2018	0.131706	0.138316	0.130962	0.138316	57,284,200	457,083,000
04/18/2018	0.120098	0.131287	0.120098	0.131241	57,154,700	416,797,000
04/17/2018	0.118360	0.125355	0.116272	0.120323	49,709,900	410,768,000
04/16/2018	0.121730	0.122987	0.113519	0.118375	43,065,200	422,462,000
04/15/2018	0.111452	0.122936	0.111452	0.122095	43,954,800	386,793,000
04/14/2018	0.110901	0.115863	0.108741	0.110881	34,108,900	384,881,000
04/13/2018	0.107500	0.123475	0.104554	0.112027	85,815,800	373,075,000
04/12/2018	0.094106	0.107918	0.091039	0.107553	68,905,100	326,593,000
04/11/2018	0.089451	0.094470	0.089423	0.094306	28,496,200	310,436,000
04/10/2018	0.088104	0.090060	0.086194	0.089237	19,453,900	305,763,000
04/09/2018	0.090478	0.095241	0.086435	0.088212	26,509,000	314,004,000
04/08/2018	0.089498	0.092227	0.089088	0.090614	22,013,100	310,603,000
04/07/2018	0.089598	0.090938	0.087444	0.089735	22,435,700	310,948,000
04/06/2018	0.088129	0.092122	0.086327	0.089802	41,355,400	305,851,000
04/05/2018	0.095788	0.095788	0.086097	0.088330	34,478,800	332,430,000
04/04/2018	0.105814	0.107317	0.093589	0.095638	40,694,400	367,226,000
04/03/2018	0.093008	0.115972	0.093008	0.107983	153,108,000	322,784,000
04/02/2018	0.084435	0.101329	0.083087	0.092672	54,417,900	293,030,000
04/01/2018	0.088964	0.089699	0.080608	0.084126	18,780,300	308,748,000
03/31/2018	0.087327	0.092638	0.085944	0.088836	23,442,900	303,067,000
03/30/2018	0.087051	0.092280	0.082390	0.087468	26,993,600	302,108,000
03/29/2018	0.092553	0.093377	0.085256	0.087418	23,145,300	321,205,000
03/28/2018	0.090718	0.095644	0.090359	0.092621	20,092,600	314,834,000
03/27/2018	0.092673	0.095020	0.084376	0.089940	25,514,900	321,619,000
03/26/2018	0.100584	0.101171	0.089842	0.093135	23,114,300	349,075,000
03/25/2018	0.099676	0.103630	0.096523	0.100548	18,242,900	345,922,000
03/24/2018	0.102290	0.105803	0.098585	0.100345	34,248,600	354,995,000
03/23/2018	0.112143	0.112143	0.098131	0.102240	33,675,600	389,192,000
03/22/2018	0.116042	0.118341	0.106831	0.112253	24,804,000	402,722,000
03/21/2018	0.118454	0.121921	0.113026	0.115525	46,309,400	411,094,000
03/20/2018	0.118516	0.123466	0.108117	0.117656	66,417,000	411,309,000
03/19/2018	0.107527	0.121694	0.105881	0.121694	160,384,000	373,172,000
03/18/2018	0.092309	0.103322	0.077493	0.101090	58,944,900	320,356,000
03/17/2018	0.106185	0.106291	0.090927	0.093084	16,011,900	368,513,000
03/16/2018	0.111384	0.112093	0.104721	0.106736	14,719,300	386,555,000
03/15/2018	0.120545	0.121297	0.102421	0.110925	41,428,000	418,349,000
03/14/2018	0.134556	0.139186	0.120553	0.120605	23,185,400	466,973,000
03/13/2018	0.135900	0.138128	0.131815	0.134919	14,260,400	471,639,000
03/12/2018	0.141136	0.145350	0.134535	0.136113	27,519,500	489,810,000
03/11/2018	0.137507	0.143728	0.132887	0.140290	28,504,900	477,217,000
03/10/2018	0.149215	0.151210	0.135548	0.137373	24,100,200	517,848,000
03/09/2018	0.154292	0.156007	0.133015	0.146273	54,375,800	535,467,000
03/08/2018	0.162314	0.165292	0.152382	0.152725	31,578,600	563,307,000
03/07/2018	0.175853	0.179107	0.156325	0.160731	51,239,800	610,295,000
03/06/2018	0.173985	0.187931	0.170980	0.175295	63,684,800	603,814,000
03/05/2018	0.161658	0.192045	0.158174	0.173595	102,292,000	561,031,000
03/04/2018	0.160189	0.163921	0.155781	0.161383	17,081,700	555,934,000
03/03/2018	0.153883	0.167162	0.152851	0.160590	30,786,600	534,050,000
03/02/2018	0.160931	0.163871	0.151720	0.154255	19,425,500	558,510,000
03/01/2018	0.162680	0.162761	0.153079	0.161272	25,047,900	564,577,000
02/28/2018	0.173408	0.175821	0.163120	0.163217	13,699,900	601,810,000
02/27/2018	0.179381	0.179381	0.173119	0.173959	14,177,200	622,540,000
02/26/2018	0.179635	0.181359	0.170519	0.179500	22,685,900	623,420,000
02/25/2018	0.177579	0.185221	0.169140	0.179485	26,892,300	616,287,000
02/24/2018	0.189559	0.192059	0.175279	0.178275	22,222,900	657,860,000
02/23/2018	0.182215	0.193105	0.175291	0.190436	39,778,700	632,374,000
02/22/2018	0.198937	0.202181	0.180136	0.183106	38,322,700	690,407,000
02/21/2018	0.208872	0.213451	0.196469	0.199553	44,810,400	724,887,000
02/20/2018	0.221248	0.221809	0.208628	0.208893	42,156,400	767,838,000
02/19/2018	0.215004	0.226100	0.215004	0.221308	44,855,000	746,167,000
02/18/2018	0.231170	0.232895	0.213049	0.215092	54,670,500	802,272,000
02/17/2018	0.228786	0.236881	0.226657	0.232407	88,095,800	793,998,000
02/16/2018	0.230679	0.234109	0.223650	0.229475	40,364,600	800,568,000
02/15/2018	0.225257	0.235152	0.222047	0.231332	71,211,300	781,750,000
02/14/2018	0.216717	0.228469	0.215248	0.227625	69,249,000	752,114,000
02/13/2018	0.222161	0.224918	0.209692	0.217987	49,010,600	771,007,000
02/12/2018	0.216685	0.227099	0.216685	0.223252	67,064,100	752,002,000
02/11/2018	0.239847	0.239847	0.212281	0.215777	125,599,000	832,386,000
02/10/2018	0.233655	0.273428	0.228470	0.239861	426,190,000	810,896,000
02/09/2018	0.215837	0.238017	0.209005	0.236436	185,057,000	749,058,000
02/08/2018	0.212081	0.224914	0.209619	0.218068	182,811,000	736,024,000
02/07/2018	0.216484	0.230345	0.206443	0.210042	404,232,000	751,305,000
02/06/2018	0.194320	0.226754	0.156099	0.216927	1,238,910,000	674,384,000
02/05/2018	0.215399	0.231057	0.182467	0.192718	488,362,000	747,539,000
02/04/2018	0.197918	0.264063	0.197918	0.206650	945,678,000	686,871,000
02/03/2018	0.176286	0.218405	0.148198	0.202319	590,580,000	611,797,000
02/02/2018	0.199714	0.199714	0.128534	0.174018	504,029,000	693,105,000
02/01/2018	0.239904	0.246931	0.197315	0.201199	162,954,000	832,583,000
01/31/2018	0.241985	0.262154	0.207862	0.242176	240,145,000	839,805,000
01/30/2018	0.291363	0.291585	0.240539	0.244291	96,581,000	1,011,170,000
01/29/2018	0.310415	0.310415	0.289516	0.290647	71,443,600	1,077,290,000
01/28/2018	0.289018	0.312701	0.288851	0.311429	88,662,700	1,003,030,000
01/27/2018	0.288022	0.295700	0.278865	0.287746	80,416,900	999,577,000
01/26/2018	0.298918	0.309564	0.266295	0.289051	212,218,000	1,037,390,000
01/25/2018	0.288959	0.322809	0.288959	0.300675	250,475,000	1,002,830,000
01/24/2018	0.274615	0.302176	0.267566	0.286209	214,103,000	953,049,000
01/23/2018	0.276894	0.288280	0.258266	0.275358	174,282,000	960,955,000
01/22/2018	0.287541	0.308485	0.253284	0.276207	397,448,000	997,907,000
01/21/2018	0.344238	0.344238	0.280777	0.285802	364,372,000	1,194,670,000
01/20/2018	0.335255	0.359644	0.324361	0.344864	322,499,000	1,163,500,000
01/19/2018	0.325208	0.345760	0.302994	0.333297	390,835,000	1,128,630,000
01/18/2018	0.315015	0.366973	0.298436	0.328757	1,082,560,000	1,093,250,000
01/17/2018	0.315200	0.337217	0.222851	0.313013	1,693,220,000	1,093,900,000
01/16/2018	0.417221	0.417221	0.247611	0.314782	1,226,320,000	1,447,960,000
01/15/2018	0.433019	0.460918	0.415820	0.415820	602,501,000	1,502,780,000
01/14/2018	0.477068	0.477068	0.406662	0.434181	27,841,500	1,655,660,000
01/13/2018	0.468679	0.508537	0.454791	0.478774	69,388,100	1,626,540,000
01/12/2018	0.388000	0.461938	0.368323	0.455720	56,833,900	1,346,550,000
01/11/2018	0.401470	0.426219	0.296629	0.387876	73,311,500	1,393,300,000
01/10/2018	0.434928	0.434928	0.352576	0.404646	72,705,600	1,509,410,000
01/09/2018	0.470436	0.488145	0.420942	0.432166	62,261,600	1,632,640,000
01/08/2018	0.525523	0.525523	0.417209	0.467121	83,150,200	1,823,820,000
01/07/2018	0.525844	0.582010	0.498793	0.529438	101,042,000	1,824,930,000
01/06/2018	0.494368	0.531425	0.455094	0.527821	93,250,500	1,715,690,000
01/05/2018	0.539346	0.592207	0.471851	0.500948	165,755,000	1,871,790,000
01/04/2018	0.653740	0.675945	0.517209	0.521857	230,243,000	2,268,800,000
01/03/2018	0.314431	0.675779	0.314431	0.665023	594,459,000	1,091,230,000
01/02/2018	0.257715	0.324791	0.248276	0.317330	126,276,000	894,397,000
01/01/2018	0.244548	0.298031	0.237418	0.255234	148,184,000	848,701,000
12/31/2017	0.156639	0.234530	0.155628	0.224669	69,855,800	543,612,000
12/30/2017	0.166939	0.179945	0.148980	0.158488	51,062,900	579,361,000
12/29/2017	0.146214	0.177727	0.145973	0.169577	48,170,200	507,433,000
12/28/2017	0.154496	0.154496	0.131968	0.145046	28,484,400	536,175,000
12/27/2017	0.140176	0.167829	0.135370	0.157495	60,464,100	486,480,000
12/26/2017	0.141902	0.144642	0.133395	0.139532	25,278,200	492,468,000
12/25/2017	0.140301	0.145707	0.129764	0.141716	25,580,000	486,913,000
12/24/2017	0.146348	0.146348	0.122442	0.139564	16,645,600	507,898,000
12/23/2017	0.142776	0.157339	0.136804	0.145725	19,481,000	495,501,000
12/22/2017	0.178541	0.180141	0.104723	0.139998	34,209,900	619,624,000
12/21/2017	0.186045	0.197555	0.169158	0.178546	30,463,400	645,668,000
12/20/2017	0.209063	0.212079	0.165274	0.187443	45,051,500	725,549,000
12/19/2017	0.177677	0.221405	0.175661	0.200635	52,049,700	616,624,000
12/18/2017	0.167856	0.178796	0.164151	0.176968	36,666,100	582,542,000
12/17/2017	0.119289	0.195791	0.115233	0.165482	128,434,000	413,990,000
12/16/2017	0.072162	0.125745	0.072162	0.121985	83,148,700	250,436,000
12/15/2017	0.076486	0.076486	0.064838	0.072295	20,971,500	265,443,000
12/14/2017	0.062589	0.077620	0.062035	0.075456	30,173,000	217,215,000
12/13/2017	0.063927	0.067685	0.058330	0.062666	17,604,700	221,857,000
12/12/2017	0.063384	0.064576	0.058488	0.063635	18,127,000	219,975,000
12/11/2017	0.055131	0.062953	0.055131	0.062898	22,472,600	191,331,000
12/10/2017	0.059381	0.059381	0.045493	0.052374	15,046,900	206,080,000
12/09/2017	0.063138	0.066246	0.057574	0.059394	13,767,400	219,119,000
12/08/2017	0.055793	0.065482	0.049758	0.063043	22,371,700	193,628,000
12/07/2017	0.065601	0.066549	0.055451	0.055791	18,380,600	227,665,000
12/06/2017	0.072235	0.073980	0.063621	0.065809	20,846,600	250,691,000
12/05/2017	0.076318	0.076318	0.071055	0.072761	17,193,400	264,861,000
12/04/2017	0.074413	0.079118	0.069998	0.076227	20,127,500	258,248,000
12/03/2017	0.075054	0.079680	0.070827	0.074194	24,985,300	260,475,000
12/02/2017	0.066502	0.079028	0.066502	0.075293	49,889,500	230,794,000
12/01/2017	0.049179	0.068213	0.048491	0.067138	22,086,700	170,675,000
11/30/2017	0.045642	0.054911	0.045160	0.049490	19,484,400	158,401,000
11/29/2017	0.053928	0.074753	0.042654	0.043419	50,373,800	187,156,000
11/28/2017	0.039328	0.053713	0.036552	0.053713	11,868,900	136,487,000
11/27/2017	0.036021	0.040256	0.035810	0.039327	7,607,620	125,010,000
11/26/2017	0.035256	0.037348	0.033020	0.036010	4,167,220	122,355,000
11/25/2017	0.031590	0.035323	0.031289	0.035323	2,780,840	109,632,000
11/24/2017	0.031770	0.032799	0.029204	0.031571	3,649,790	110,257,000
11/23/2017	0.035480	0.036236	0.031725	0.031725	3,272,790	123,134,000
11/22/2017	0.035109	0.039210	0.032842	0.035135	6,115,370	121,845,000
11/21/2017	0.033935	0.037379	0.030649	0.035053	6,707,380	117,770,000
11/20/2017	0.028768	0.034496	0.028486	0.034065	6,326,260	99,840,100
11/19/2017	0.028817	0.029672	0.028356	0.028774	1,966,110	100,009,000
11/18/2017	0.027600	0.029278	0.027587	0.028896	2,630,650	95,786,700
11/17/2017	0.028685	0.028685	0.027414	0.027737	2,033,730	99,550,000
11/16/2017	0.030009	0.030853	0.027754	0.028752	3,161,400	104,144,000
11/15/2017	0.028286	0.030313	0.028286	0.029994	2,911,890	98,166,500
11/14/2017	0.028177	0.028591	0.027190	0.028262	1,993,910	97,788,900
11/13/2017	0.026348	0.028338	0.025727	0.028095	1,907,080	91,440,500
11/12/2017	0.028631	0.028804	0.024861	0.026124	3,201,060	99,363,500
11/11/2017	0.029264	0.030503	0.028369	0.028730	2,102,750	101,560,000
11/10/2017	0.032878	0.033384	0.029020	0.029462	2,646,500	114,101,000
11/09/2017	0.031750	0.035668	0.031485	0.032822	3,237,960	110,189,000
11/08/2017	0.030055	0.032597	0.029621	0.031712	2,875,290	104,304,000
11/07/2017	0.029303	0.030821	0.029145	0.030111	2,258,890	101,696,000
11/06/2017	0.031127	0.031212	0.029197	0.029197	2,313,630	108,025,000
11/05/2017	0.031288	0.032246	0.030819	0.031060	2,305,140	108,584,000
11/04/2017	0.030283	0.032085	0.029976	0.031048	2,622,370	105,098,000
11/03/2017	0.032412	0.033565	0.029640	0.030324	4,693,610	112,486,000
11/02/2017	0.043022	0.043372	0.031085	0.032605	8,275,120	149,307,000
11/01/2017	0.040426	0.045774	0.039679	0.042265	7,462,620	140,297,000
10/31/2017	0.037788	0.041939	0.037685	0.040273	4,344,070	131,143,000
10/30/2017	0.037647	0.038575	0.036098	0.037637	2,666,950	130,654,000
10/29/2017	0.036921	0.038941	0.034615	0.037485	4,638,100	128,135,000
10/28/2017	0.034120	0.040257	0.033647	0.036815	5,564,870	118,413,000
10/27/2017	0.029697	0.035528	0.029697	0.033832	4,504,730	103,061,000
10/26/2017	0.028444	0.029689	0.027967	0.029673	2,524,840	98,716,000
10/25/2017	0.026684	0.028417	0.025413	0.028362	2,677,510	92,605,500
10/24/2017	0.025219	0.028666	0.024092	0.026817	2,305,600	87,521,100
10/23/2017	0.025612	0.026747	0.023301	0.025327	1,781,260	88,884,800
10/22/2017	0.025894	0.026583	0.024905	0.025774	1,432,060	89,863,300
10/21/2017	0.026775	0.026820	0.024857	0.025799	1,511,950	92,920,800
10/20/2017	0.027438	0.027918	0.026446	0.026795	1,425,160	95,224,700
10/19/2017	0.028833	0.029112	0.026562	0.027402	2,075,060	100,063,000
10/18/2017	0.027116	0.028935	0.025202	0.028819	1,658,160	94,105,900
10/17/2017	0.028851	0.029080	0.026917	0.027146	1,521,100	100,126,000
10/16/2017	0.029494	0.029789	0.027441	0.028829	2,145,970	102,358,000
10/15/2017	0.026445	0.029673	0.024033	0.029382	1,748,810	91,777,400
10/14/2017	0.024932	0.027287	0.024622	0.026617	1,030,100	86,525,100
10/13/2017	0.026133	0.026884	0.024321	0.024997	1,702,500	90,693,500
10/12/2017	0.026496	0.028187	0.025269	0.026112	2,200,490	91,952,300
10/11/2017	0.023372	0.026700	0.023293	0.026457	1,307,350	81,112,200
10/10/2017	0.022901	0.028860	0.022054	0.023348	1,741,170	79,477,600
10/09/2017	0.024785	0.024816	0.022090	0.022970	1,822,000	86,015,200
10/08/2017	0.027265	0.027417	0.023576	0.024731	1,529,830	94,621,600
10/07/2017	0.028265	0.029151	0.026901	0.027238	1,041,620	98,091,700
10/06/2017	0.027366	0.028737	0.027366	0.028313	1,178,510	94,972,600
10/05/2017	0.027318	0.027944	0.026278	0.027321	1,362,430	94,808,200
10/04/2017	0.027359	0.028062	0.026588	0.027554	1,452,180	94,950,300
10/03/2017	0.030258	0.031116	0.026206	0.027222	1,966,990	105,011,000
10/02/2017	0.031491	0.031589	0.029114	0.029902	2,272,790	109,290,000
10/01/2017	0.030651	0.032855	0.029993	0.031567	2,076,910	106,372,000
09/30/2017	0.027612	0.030873	0.027608	0.030619	1,101,880	95,828,300
09/29/2017	0.028760	0.029208	0.026319	0.027514	1,392,230	99,810,600
09/28/2017	0.029306	0.030202	0.027878	0.028793	2,452,520	101,707,000
09/27/2017	0.027341	0.031716	0.027139	0.029112	6,734,420	94,886,100
09/26/2017	0.023438	0.027928	0.023342	0.027296	3,457,510	81,342,300
09/25/2017	0.021839	0.023584	0.021687	0.023343	781,467	75,790,400
09/24/2017	0.022445	0.022763	0.021711	0.021889	826,610	77,894,600
09/23/2017	0.021333	0.022855	0.021094	0.022487	869,073	74,034,500
09/22/2017	0.021156	0.022058	0.020542	0.021342	1,173,930	73,421,300
09/21/2017	0.023768	0.024468	0.020821	0.021265	1,304,980	82,485,300
09/20/2017	0.024214	0.024908	0.023272	0.023876	1,865,680	84,035,200
09/19/2017	0.029177	0.029177	0.023694	0.024189	2,937,340	101,259,000
09/18/2017	0.021719	0.029292	0.021719	0.029292	3,417,560	75,375,300
09/17/2017	0.021466	0.022337	0.020087	0.021799	1,746,130	74,497,500
09/16/2017	0.021943	0.022606	0.019901	0.021437	1,879,180	76,154,300
09/15/2017	0.019859	0.022864	0.016075	0.021755	2,521,070	68,920,100
09/14/2017	0.026384	0.026983	0.019745	0.019790	1,721,860	91,564,300
09/13/2017	0.028405	0.028545	0.024557	0.026371	1,880,030	98,578,700
09/12/2017	0.028675	0.030760	0.027502	0.028436	2,734,640	99,517,800
09/11/2017	0.029360	0.030101	0.028196	0.028615	2,069,680	101,895,000
09/10/2017	0.030791	0.031601	0.027488	0.029410	2,373,310	106,860,000
09/09/2017	0.030888	0.031715	0.029218	0.031109	2,524,890	107,197,000
09/08/2017	0.037649	0.037649	0.028983	0.030796	4,653,740	130,661,000
09/07/2017	0.039948	0.040021	0.035976	0.037892	5,490,620	138,638,000
09/06/2017	0.031045	0.041750	0.028647	0.040333	9,953,750	107,741,000
09/05/2017	0.029908	0.031869	0.025217	0.031053	5,825,530	103,796,000
09/04/2017	0.039594	0.039594	0.027089	0.029523	9,710,210	137,412,000
09/03/2017	0.041243	0.041978	0.036952	0.039323	6,755,000	143,132,000
09/02/2017	0.047577	0.047675	0.040137	0.041257	8,260,080	165,116,000
09/01/2017	0.048009	0.048507	0.046649	0.047526	7,175,300	166,616,000
08/31/2017	0.047192	0.049791	0.045627	0.048105	7,463,400	163,779,000
08/30/2017	0.049473	0.049827	0.042816	0.046585	9,555,330	171,696,000
08/29/2017	0.048965	0.052672	0.048639	0.049473	10,873,400	169,930,000
08/28/2017	0.051619	0.051891	0.047593	0.048966	7,486,210	179,144,000
08/27/2017	0.050470	0.051533	0.049893	0.051373	6,815,440	175,157,000
08/26/2017	0.050976	0.051474	0.049837	0.050515	5,512,320	176,911,000
08/25/2017	0.052722	0.052963	0.050250	0.050952	5,922,650	182,970,000
08/24/2017	0.051287	0.053213	0.049911	0.052740	8,706,810	177,990,000
08/23/2017	0.049952	0.053124	0.049889	0.051593	8,995,140	173,357,000
08/22/2017	0.051049	0.051142	0.046337	0.050045	5,745,640	177,165,000
08/21/2017	0.054946	0.055899	0.050010	0.051012	9,409,920	190,691,000
08/20/2017	0.054544	0.055908	0.052646	0.055248	6,738,530	189,293,000
08/19/2017	0.054679	0.057561	0.048092	0.055106	12,062,400	189,763,000
08/18/2017	0.060940	0.061991	0.053693	0.054755	13,896,200	211,490,000
08/17/2017	0.059896	0.069432	0.056410	0.061191	22,798,200	207,867,000
08/16/2017	0.060768	0.063110	0.059068	0.059871	11,186,700	210,895,000
08/15/2017	0.061641	0.063317	0.056849	0.060837	19,850,100	213,925,000
08/14/2017	0.063900	0.065662	0.059116	0.061587	23,224,100	221,765,000
08/13/2017	0.068297	0.068297	0.062305	0.063950	21,679,300	237,025,000
08/12/2017	0.078238	0.078238	0.067853	0.068535	24,574,100	271,523,000
08/11/2017	0.065453	0.080925	0.064439	0.078307	58,822,600	227,154,000
08/10/2017	0.065080	0.071656	0.063417	0.065596	27,412,400	225,861,000
08/09/2017	0.072422	0.072753	0.064506	0.065306	18,237,500	251,340,000
08/08/2017	0.070957	0.079600	0.069076	0.072467	35,787,700	246,253,000
08/07/2017	0.061685	0.075956	0.060547	0.071303	40,894,300	214,078,000
08/06/2017	0.065791	0.067813	0.061447	0.061829	24,237,700	228,325,000
08/05/2017	0.056931	0.071180	0.055491	0.065476	37,828,900	197,577,000
08/04/2017	0.056059	0.058469	0.055694	0.057082	16,038,900	194,551,000
08/03/2017	0.054567	0.056025	0.052421	0.055674	15,695,800	189,374,000
08/02/2017	0.055131	0.056956	0.053739	0.054504	15,754,800	191,330,000
08/01/2017	0.054290	0.057061	0.050170	0.055008	23,845,300	188,414,000
07/31/2017	0.050636	0.057316	0.049297	0.054071	17,412,400	175,730,000
07/30/2017	0.053873	0.053976	0.050227	0.050664	8,438,260	186,966,000
07/29/2017	0.054089	0.054566	0.048771	0.053186	17,077,400	187,715,000
07/28/2017	0.058944	0.059565	0.053043	0.054009	17,827,200	204,562,000
07/27/2017	0.059606	0.060955	0.056349	0.058897	27,039,600	206,861,000
07/26/2017	0.058995	0.063107	0.051011	0.059232	51,832,700	204,742,000
07/25/2017	0.076343	0.077533	0.054538	0.059236	52,165,600	264,948,000
07/24/2017	0.084091	0.086962	0.073987	0.076513	48,405,700	291,837,000
07/23/2017	0.084000	0.104052	0.071342	0.084381	159,816,000	291,519,000
07/22/2017	0.038315	0.082812	0.038116	0.082812	38,566,700	132,973,000
07/21/2017	0.030026	0.043083	0.029853	0.038317	11,944,800	104,205,000
07/20/2017	0.026624	0.030268	0.026509	0.029943	3,753,830	92,396,800
07/19/2017	0.029033	0.030413	0.026156	0.026746	4,366,050	100,759,000
07/18/2017	0.026193	0.031742	0.024709	0.028838	5,126,630	90,900,700
07/17/2017	0.023576	0.026497	0.023576	0.026026	3,764,400	81,819,800
07/16/2017	0.023541	0.024538	0.022307	0.023595	2,339,710	81,697,900
07/15/2017	0.025589	0.025589	0.023127	0.023673	2,668,550	88,807,400
07/14/2017	0.028232	0.028247	0.024148	0.025411	3,055,070	97,978,500
07/13/2017	0.031128	0.032033	0.026461	0.028235	5,187,090	108,029,000
07/12/2017	0.025169	0.032169	0.023227	0.030881	5,178,400	87,349,600
07/11/2017	0.030705	0.030705	0.021993	0.025183	7,617,130	106,561,000
07/10/2017	0.040600	0.040600	0.027200	0.031430	6,133,140	140,900,000
07/09/2017	0.044378	0.045597	0.040175	0.040234	3,429,300	154,011,000
07/08/2017	0.044119	0.045139	0.038215	0.044210	6,282,280	153,115,000
07/07/2017	0.050378	0.051087	0.044132	0.044199	7,012,400	174,837,000
07/06/2017	0.050413	0.055571	0.048901	0.050457	10,173,100	174,958,000
07/05/2017	0.056993	0.056993	0.047857	0.050488	11,487,700	197,793,000
07/04/2017	0.056436	0.065927	0.053898	0.056563	18,958,100	195,860,000
07/03/2017	0.042716	0.067854	0.042716	0.056668	28,853,300	148,245,000
07/02/2017	0.043919	0.044084	0.040498	0.042308	7,502,210	152,419,000
07/01/2017	0.044377	0.049657	0.041178	0.043922	10,307,200	154,009,000
06/30/2017	0.051847	0.053179	0.042477	0.044256	10,133,300	179,935,000
06/29/2017	0.055975	0.061866	0.050574	0.051921	18,083,200	194,259,000
06/28/2017	0.061775	0.061775	0.056150	0.056150	13,747,700	-
