Date	Open	High	Low	Close	Volume	Market Cap
07/15/2018	0.415254	0.432163	0.415186	0.429447	985,751	56,386,300
07/14/2018	0.421111	0.430058	0.415028	0.415954	834,294	57,181,600
07/13/2018	0.414203	0.427816	0.414203	0.421258	2,140,660	56,243,600
07/12/2018	0.442528	0.442528	0.408418	0.414865	1,080,950	60,089,800
07/11/2018	0.438587	0.448327	0.431969	0.442469	1,159,100	59,554,700
07/10/2018	0.485398	0.486418	0.437161	0.439001	1,161,000	65,911,000
07/09/2018	0.492209	0.500487	0.480229	0.485762	976,432	66,835,800
07/08/2018	0.513283	0.514123	0.490847	0.492430	924,071	69,697,400
07/07/2018	0.520315	0.520315	0.485301	0.514357	1,440,160	70,652,300
07/06/2018	0.501127	0.543012	0.474684	0.520466	2,973,900	68,046,800
07/05/2018	0.526839	0.533327	0.497239	0.502246	1,360,260	71,538,200
07/04/2018	0.522630	0.535308	0.508295	0.525321	1,572,250	70,966,600
07/03/2018	0.540099	0.552046	0.517575	0.522630	1,909,170	73,338,700
07/02/2018	0.484017	0.543971	0.476847	0.541285	2,211,750	65,723,500
07/01/2018	0.479926	0.493257	0.465403	0.484607	1,476,670	65,168,000
06/30/2018	0.435675	0.488990	0.435675	0.477812	1,632,470	59,159,200
06/29/2018	0.423659	0.440271	0.406981	0.436396	1,036,510	57,527,600
06/28/2018	0.448287	0.450194	0.423407	0.424268	967,094	60,871,800
06/27/2018	0.462638	0.462638	0.442271	0.448176	963,604	62,820,400
06/26/2018	0.469179	0.489350	0.464149	0.464149	1,445,880	63,708,700
06/25/2018	0.457481	0.468675	0.445812	0.468675	1,135,120	62,120,200
06/24/2018	0.475161	0.476012	0.411741	0.457072	1,634,090	64,521,000
06/23/2018	0.483615	0.490369	0.471106	0.474667	1,399,850	65,668,900
06/22/2018	0.558190	0.559190	0.476158	0.483390	1,469,630	75,795,300
06/21/2018	0.571596	0.574723	0.554606	0.558586	1,179,840	77,615,700
06/20/2018	0.583533	0.584451	0.551416	0.572113	1,394,330	79,236,600
06/19/2018	0.577918	0.583930	0.569626	0.582487	1,255,780	78,474,000
06/18/2018	0.563489	0.579178	0.553100	0.578390	1,215,880	76,514,700
06/17/2018	0.580337	0.584304	0.563987	0.564003	1,354,530	78,802,500
06/16/2018	0.580388	0.587564	0.569956	0.582663	1,479,470	78,809,500
06/15/2018	0.606626	0.610143	0.581008	0.582548	2,120,560	82,372,200
06/14/2018	0.570439	0.623098	0.570439	0.606690	2,446,350	77,458,500
06/13/2018	0.600091	0.600091	0.556067	0.569677	2,154,100	81,484,900
06/12/2018	0.627052	0.660362	0.594346	0.596955	3,805,650	85,145,800
06/11/2018	0.616166	0.626967	0.590694	0.626967	3,645,210	83,667,700
06/10/2018	0.715237	0.715237	0.608630	0.615622	2,747,570	97,120,300
06/09/2018	0.756540	0.757086	0.713595	0.713595	2,966,940	102,729,000
06/08/2018	0.768663	0.772006	0.741778	0.757010	2,939,770	104,375,000
06/07/2018	0.777370	0.786369	0.763978	0.767953	2,686,940	105,557,000
06/06/2018	0.813368	0.817954	0.762350	0.776741	3,400,550	110,445,000
06/05/2018	0.769518	0.812330	0.745010	0.812330	3,607,280	104,491,000
06/04/2018	0.838772	0.842034	0.753298	0.768937	3,827,510	113,895,000
06/03/2018	0.836967	0.851121	0.814548	0.841140	5,043,810	113,650,000
06/02/2018	0.830196	0.863624	0.814068	0.837087	6,943,810	112,730,000
06/01/2018	0.771609	0.864783	0.771609	0.829486	8,771,120	104,775,000
05/31/2018	0.719779	0.790048	0.719509	0.771208	5,837,630	97,737,000
05/30/2018	0.721004	0.737648	0.701259	0.720103	4,213,530	97,903,400
05/29/2018	0.677252	0.721347	0.659920	0.719402	3,564,800	91,962,300
05/28/2018	0.724408	0.736628	0.677754	0.677799	3,307,510	98,365,600
05/27/2018	0.730121	0.730121	0.716229	0.725150	2,491,330	99,141,400
05/26/2018	0.742129	0.754512	0.725111	0.728916	3,739,060	100,772,000
05/25/2018	0.762417	0.767871	0.730058	0.741470	4,450,900	103,527,000
05/24/2018	0.740846	0.771621	0.713114	0.762040	4,813,680	100,598,000
05/23/2018	0.824309	0.824309	0.731037	0.744367	5,779,610	111,931,000
05/22/2018	0.880456	0.920032	0.828420	0.828420	6,512,680	119,555,000
05/21/2018	0.933667	0.933667	0.875701	0.881661	7,468,440	126,780,000
05/20/2018	0.876465	0.936918	0.876465	0.933812	9,542,500	119,013,000
05/19/2018	0.863988	0.883027	0.845531	0.876049	6,429,150	117,319,000
05/18/2018	0.840058	0.864390	0.828272	0.864249	6,634,980	114,069,000
05/17/2018	0.882923	0.902540	0.834693	0.840104	7,692,580	119,890,000
05/16/2018	0.934514	0.935471	0.863943	0.882919	7,615,310	126,895,000
05/15/2018	0.996538	0.999973	0.929403	0.932122	7,757,960	135,317,000
05/14/2018	0.971958	1.02	0.905405	0.990350	13,261,100	131,980,000
05/13/2018	0.904697	0.981340	0.904697	0.971138	12,400,600	122,847,000
05/12/2018	0.887366	0.909535	0.823394	0.882502	4,973,720	120,493,000
05/11/2018	1.01	1.01	0.880309	0.889834	11,090,000	137,083,000
05/10/2018	1.04	1.13	1.01	1.01	11,054,900	141,103,000
05/09/2018	1.06	1.08	0.998042	1.04	9,496,460	144,155,000
05/08/2018	1.08	1.11	1.05	1.06	7,637,000	147,012,000
05/07/2018	1.13	1.14	1.04	1.08	7,314,380	153,808,000
05/06/2018	1.19	1.19	1.10	1.13	8,736,780	161,125,000
05/05/2018	1.20	1.23	1.18	1.19	12,416,300	163,062,000
05/04/2018	1.24	1.25	1.19	1.20	11,436,300	168,762,000
05/03/2018	1.18	1.33	1.18	1.24	16,826,400	159,910,000
05/02/2018	1.14	1.18	1.13	1.18	8,808,290	154,346,000
05/01/2018	1.16	1.16	1.08	1.14	10,146,800	157,970,000
04/30/2018	1.18	1.20	1.12	1.16	10,531,000	160,049,000
04/29/2018	1.16	1.19	1.10	1.18	11,851,500	158,054,000
04/28/2018	1.11	1.18	1.11	1.16	12,376,600	151,131,000
04/27/2018	1.15	1.16	1.11	1.11	16,129,200	156,456,000
04/26/2018	1.03	1.23	1.01	1.15	46,738,300	140,244,000
04/25/2018	1.20	1.20	0.982650	1.03	14,138,400	163,329,000
04/24/2018	1.14	1.22	1.14	1.21	19,029,400	154,925,000
04/23/2018	1.11	1.16	1.11	1.14	17,543,200	150,877,000
04/22/2018	1.13	1.16	1.10	1.11	29,602,900	152,774,000
04/21/2018	1.13	1.13	0.990983	1.07	17,250,900	153,570,000
04/20/2018	1.07	1.14	1.05	1.13	18,748,700	145,058,000
04/19/2018	1.04	1.07	1.02	1.07	16,304,300	141,728,000
04/18/2018	0.972444	1.06	0.971037	1.05	18,103,400	132,046,000
04/17/2018	0.966274	1.02	0.928466	0.969357	17,513,000	131,208,000
04/16/2018	0.990274	1.01	0.931786	0.964909	15,969,000	134,467,000
04/15/2018	0.916438	0.991079	0.915131	0.989073	12,030,100	124,441,000
04/14/2018	0.902778	0.933942	0.886443	0.916784	9,860,750	122,586,000
04/13/2018	0.899358	0.977547	0.883059	0.904698	16,697,400	122,122,000
04/12/2018	0.778005	0.894081	0.756382	0.893552	16,087,100	103,806,000
04/11/2018	0.745511	0.829928	0.744542	0.779536	9,018,600	99,470,100
04/10/2018	0.725565	0.763348	0.723028	0.744504	10,617,400	96,808,900
04/09/2018	0.751095	0.772821	0.709336	0.724149	7,923,640	100,215,000
04/08/2018	0.735000	0.764596	0.732102	0.751515	7,606,160	98,067,800
04/07/2018	0.693610	0.763868	0.693221	0.734506	8,089,390	92,545,300
04/06/2018	0.737362	0.743764	0.684123	0.692737	6,578,600	98,382,800
04/05/2018	0.820062	0.820062	0.704123	0.740862	11,534,900	109,417,000
04/04/2018	0.862023	0.915051	0.797430	0.839633	22,924,600	115,016,000
04/03/2018	0.819672	0.924158	0.738412	0.852096	31,026,800	109,365,000
04/02/2018	0.626246	0.926654	0.620240	0.817125	37,837,000	83,557,200
04/01/2018	0.659777	0.666069	0.598224	0.624080	4,760,450	88,031,100
03/31/2018	0.652205	0.678914	0.646411	0.658827	4,811,540	87,020,800
03/30/2018	0.660601	0.672758	0.619343	0.652124	5,359,300	88,141,100
03/29/2018	0.769080	0.770042	0.654676	0.662139	6,455,750	102,615,000
03/28/2018	0.732051	0.784160	0.725496	0.768755	7,201,030	97,674,200
03/27/2018	0.761622	0.794436	0.704517	0.732390	6,376,020	101,620,000
03/26/2018	0.829917	0.834481	0.727309	0.762938	6,135,650	110,732,000
03/25/2018	0.835739	0.858096	0.811604	0.831619	5,895,680	111,509,000
03/24/2018	0.853381	0.920138	0.820497	0.842258	9,551,590	113,863,000
03/23/2018	0.875438	0.900667	0.815706	0.842009	8,124,980	116,806,000
03/22/2018	0.832343	0.891993	0.818306	0.874670	7,093,290	111,056,000
03/21/2018	0.793087	0.912358	0.793087	0.833871	11,076,400	105,818,000
03/20/2018	0.765810	0.808215	0.735200	0.789981	8,595,640	102,179,000
03/19/2018	0.697402	0.779579	0.679298	0.762575	7,289,490	93,051,200
03/18/2018	0.728428	0.728428	0.623911	0.701661	6,091,940	97,190,800
03/17/2018	0.786301	0.803301	0.711784	0.727584	6,832,850	104,913,000
03/16/2018	0.805845	0.833906	0.753463	0.785918	7,376,920	107,520,000
03/15/2018	0.838134	0.848317	0.728575	0.803750	8,810,990	111,828,000
03/14/2018	0.993922	1.04	0.841671	0.841671	8,368,810	132,615,000
03/13/2018	1.01	1.07	0.965542	0.996144	6,622,740	135,389,000
03/12/2018	1.11	1.16	0.984628	1.01	21,213,400	147,548,000
03/11/2018	0.998432	1.16	0.955529	1.11	10,203,200	133,216,000
03/10/2018	0.970289	1.09	0.949601	0.998614	6,854,640	129,461,000
03/09/2018	0.962294	0.975088	0.823341	0.972279	4,158,900	128,395,000
03/08/2018	0.970782	1.08	0.945510	0.962315	6,007,260	129,527,000
03/07/2018	1.08	1.19	0.935915	0.971258	9,642,870	143,717,000
03/06/2018	1.12	1.12	1.04	1.08	5,960,650	149,145,000
03/05/2018	1.05	1.21	1.05	1.12	10,976,900	140,027,000
03/04/2018	0.987979	1.14	0.987530	1.05	20,328,700	131,822,000
03/03/2018	0.906020	0.991354	0.905777	0.988182	6,145,260	120,886,000
03/02/2018	0.930163	0.935459	0.886158	0.907089	3,539,020	124,107,000
03/01/2018	0.885942	0.940735	0.858182	0.933124	3,687,830	118,207,000
02/28/2018	0.941856	0.955138	0.886294	0.886681	2,834,880	125,668,000
02/27/2018	0.945856	0.956132	0.919801	0.940979	3,356,560	126,201,000
02/26/2018	0.914774	0.946213	0.878912	0.941486	3,256,140	122,054,000
02/25/2018	0.888244	0.927956	0.855901	0.916962	3,225,880	118,514,000
02/24/2018	0.970990	0.989772	0.863685	0.894551	3,433,150	129,555,000
02/23/2018	0.922440	0.978725	0.870215	0.974667	4,695,210	123,077,000
02/22/2018	0.988231	1.00	0.880737	0.939016	5,069,060	131,855,000
02/21/2018	1.09	1.10	0.967995	0.992896	5,071,490	145,530,000
02/20/2018	1.18	1.19	1.06	1.07	6,878,500	157,654,000
02/19/2018	1.11	1.20	1.11	1.15	5,987,580	148,630,000
02/18/2018	1.24	1.24	1.11	1.12	6,425,510	165,311,000
02/17/2018	1.23	1.25	1.20	1.25	9,205,360	164,656,000
02/16/2018	1.18	1.29	1.17	1.25	23,529,200	157,599,000
02/15/2018	1.08	1.13	1.05	1.12	7,715,090	143,597,000
02/14/2018	0.991749	1.08	0.989100	1.08	6,148,640	132,325,000
02/13/2018	1.03	1.09	0.991300	0.992578	4,663,480	137,386,000
02/12/2018	0.946206	1.05	0.944976	1.03	5,997,730	126,248,000
02/11/2018	1.03	1.03	0.900901	0.942360	3,591,470	138,018,000
02/10/2018	1.05	1.16	0.973107	1.04	11,396,500	139,440,000
02/09/2018	0.950903	1.05	0.908583	1.05	10,024,600	126,875,000
02/08/2018	0.884002	1.06	0.871010	0.964763	15,252,800	117,948,000
02/07/2018	0.826605	1.03	0.771202	0.886443	14,515,100	110,290,000
02/06/2018	0.748416	0.849437	0.607354	0.832725	6,687,700	99,857,700
02/05/2018	0.946084	1.03	0.723561	0.747172	7,772,320	126,232,000
02/04/2018	1.12	1.14	0.927572	0.950161	7,139,240	149,071,000
02/03/2018	1.09	1.15	0.917265	1.12	9,231,260	145,447,000
02/02/2018	1.11	1.15	0.799561	1.09	12,510,200	147,566,000
02/01/2018	1.29	1.30	1.04	1.09	12,197,300	171,679,000
01/31/2018	1.32	1.33	1.16	1.27	11,680,900	175,979,000
01/30/2018	1.56	1.65	1.31	1.32	18,219,100	208,112,000
01/29/2018	1.66	1.66	1.49	1.50	7,986,430	221,932,000
01/28/2018	1.56	1.77	1.56	1.66	26,073,200	207,907,000
01/27/2018	1.54	1.60	1.45	1.55	8,355,410	204,435,000
01/26/2018	1.56	1.60	1.36	1.54	9,542,480	207,665,000
01/25/2018	1.59	1.70	1.53	1.57	15,189,700	211,992,000
01/24/2018	1.52	1.64	1.44	1.57	21,391,000	202,734,000
01/23/2018	1.35	1.67	1.32	1.54	52,147,400	179,598,000
01/22/2018	1.52	1.54	1.26	1.35	12,100,600	201,826,000
01/21/2018	1.84	1.85	1.44	1.49	19,048,700	245,311,000
01/20/2018	1.78	1.95	1.78	1.84	34,128,500	237,238,000
01/19/2018	1.52	2.00	1.37	1.76	61,167,700	202,754,000
01/18/2018	1.29	1.58	1.20	1.55	21,774,400	171,738,000
01/17/2018	1.27	1.34	0.902208	1.28	11,788,100	168,941,000
01/16/2018	1.87	1.87	1.05	1.28	17,241,100	249,687,000
01/15/2018	1.99	2.04	1.88	1.88	19,338,800	265,631,000
01/14/2018	2.31	2.31	1.89	2.01	9,691,950	306,984,000
01/13/2018	2.21	2.36	2.15	2.30	14,612,600	293,892,000
01/12/2018	2.01	2.25	1.89	2.20	14,204,900	267,116,000
01/11/2018	2.43	2.46	1.88	1.98	29,853,600	324,097,000
01/10/2018	2.61	2.83	2.18	2.45	37,214,900	347,106,000
01/09/2018	2.18	3.13	2.17	2.62	66,029,700	289,389,000
01/08/2018	2.53	2.56	1.89	2.20	24,573,200	335,954,000
01/07/2018	2.42	2.55	2.23	2.53	40,976,900	320,066,000
01/06/2018	2.10	2.40	1.97	2.40	33,340,900	277,999,000
01/05/2018	2.36	2.52	1.97	2.07	32,523,600	312,677,000
01/04/2018	2.26	2.74	2.10	2.43	41,469,600	299,466,000
01/03/2018	2.33	2.34	2.09	2.26	23,245,200	308,458,000
01/02/2018	2.27	2.40	2.16	2.32	26,786,600	300,958,000
01/01/2018	2.42	2.42	2.14	2.27	22,519,300	320,079,000
12/31/2017	2.33	2.70	2.17	2.44	69,409,200	308,522,000
12/30/2017	1.73	2.61	1.42	2.30	111,314,000	229,139,000
12/29/2017	1.36	1.85	1.31	1.74	22,552,800	150,782,000
12/28/2017	1.54	1.54	1.24	1.36	11,774,300	169,736,000
12/27/2017	1.51	1.55	1.37	1.54	14,311,000	166,688,000
12/26/2017	1.57	1.62	1.43	1.53	22,234,500	172,004,000
12/25/2017	1.40	1.65	1.29	1.56	26,824,200	153,867,000
12/24/2017	1.32	1.42	1.15	1.39	7,403,820	145,397,000
12/23/2017	1.19	1.44	1.15	1.31	7,274,020	130,965,000
12/22/2017	1.65	1.67	0.843108	1.19	8,645,800	180,470,000
12/21/2017	1.64	1.80	1.52	1.65	15,307,500	174,689,000
12/20/2017	1.34	1.83	1.20	1.62	40,260,800	141,536,000
12/19/2017	1.39	1.51	1.30	1.35	16,245,200	146,667,000
12/18/2017	1.28	1.39	1.21	1.38	16,126,200	135,315,000
12/17/2017	1.11	1.37	1.10	1.28	20,861,300	117,449,000
12/16/2017	1.07	1.14	1.07	1.11	11,528,000	112,887,000
12/15/2017	1.03	1.11	0.934314	1.07	11,128,400	108,291,000
12/14/2017	0.995076	1.06	0.962527	1.02	10,807,500	104,895,000
12/13/2017	1.00	1.05	0.919806	0.990859	10,678,400	105,894,000
12/12/2017	0.919990	1.04	0.890538	1.01	9,833,710	96,979,500
12/11/2017	0.802864	0.947270	0.802864	0.921246	9,498,880	84,632,800
12/10/2017	0.915925	0.924424	0.698511	0.809522	10,349,300	96,551,000
12/09/2017	0.959286	1.03	0.866256	0.912374	10,080,700	101,122,000
12/08/2017	0.920692	1.00	0.877154	0.957380	11,246,200	97,053,500
12/07/2017	0.912887	1.09	0.861632	0.913718	13,495,500	96,230,800
12/06/2017	1.05	1.05	0.897136	0.921581	11,783,700	110,573,000
12/05/2017	1.15	1.21	1.03	1.05	16,089,700	121,293,000
12/04/2017	0.804221	1.24	0.793570	1.08	27,739,300	84,775,900
12/03/2017	0.735532	0.838778	0.735532	0.803014	8,851,830	77,535,200
12/02/2017	0.721357	0.791355	0.699768	0.735367	6,143,940	76,040,900
12/01/2017	0.655494	0.745901	0.639015	0.722204	6,937,600	69,098,000
11/30/2017	0.652990	0.738596	0.577850	0.656892	6,629,960	68,834,100
11/29/2017	0.784881	0.812464	0.628980	0.643361	7,220,320	82,737,200
11/28/2017	0.751650	0.817602	0.742287	0.781204	8,415,550	79,234,100
11/27/2017	0.744568	0.796236	0.717491	0.758235	9,632,000	78,298,800
11/26/2017	0.742017	0.761796	0.705490	0.746430	6,382,440	78,019,800
11/25/2017	0.708559	0.744455	0.701052	0.744455	5,968,960	74,500,000
11/24/2017	0.701952	0.710916	0.656575	0.707611	7,352,440	73,789,000
11/23/2017	0.738191	0.742714	0.684710	0.703325	6,182,140	77,555,200
11/22/2017	0.729389	0.805919	0.709799	0.737314	10,699,000	76,454,700
11/21/2017	0.673859	0.737207	0.639393	0.728884	10,087,600	70,518,600
11/20/2017	0.636376	0.681039	0.621976	0.670282	6,962,250	66,451,700
11/19/2017	0.625696	0.653917	0.617342	0.634492	6,102,530	65,235,800
11/18/2017	0.618023	0.630783	0.593101	0.625798	7,298,930	64,344,400
11/17/2017	0.658104	0.705836	0.604788	0.618168	9,846,660	68,392,700
11/16/2017	0.819639	0.922001	0.629178	0.660789	28,318,600	85,017,500
11/15/2017	0.611721	0.851991	0.573869	0.829422	27,394,600	63,302,600
11/14/2017	0.517829	0.657972	0.499320	0.610434	7,108,410	53,482,100
11/13/2017	0.437432	0.553783	0.435734	0.516984	3,681,620	45,044,900
11/12/2017	0.472041	0.481392	0.382460	0.434111	2,888,030	48,608,900
11/11/2017	0.481159	0.510942	0.456348	0.472294	3,258,700	49,532,100
11/10/2017	0.590570	0.602555	0.444244	0.490347	3,084,140	60,738,000
11/09/2017	0.541987	0.600415	0.530837	0.590254	4,745,770	55,251,400
11/08/2017	0.508800	0.566302	0.500112	0.541227	5,258,460	51,793,000
11/07/2017	0.482880	0.557974	0.475281	0.511548	4,683,190	49,072,600
11/06/2017	0.503081	0.516127	0.469177	0.483271	2,716,010	51,125,000
11/05/2017	0.483992	0.526175	0.476458	0.502813	2,846,840	49,156,200
11/04/2017	0.522058	0.527091	0.479968	0.483420	4,184,960	52,992,600
11/03/2017	0.549204	0.550289	0.433011	0.515272	6,272,350	55,679,400
11/02/2017	0.457871	0.702813	0.441787	0.548500	22,173,700	46,293,100
11/01/2017	0.385036	0.459085	0.367374	0.438695	1,183,880	38,809,800
10/31/2017	0.430828	0.438514	0.385222	0.386407	727,895	43,417,500
10/30/2017	0.431738	0.444820	0.401517	0.432554	803,988	43,504,600
10/29/2017	0.501894	0.501894	0.423867	0.436823	1,228,810	50,538,800
10/28/2017	0.604788	0.611664	0.483910	0.499985	1,961,170	60,729,300
10/27/2017	0.472213	0.660936	0.437452	0.599894	7,171,540	47,190,400
10/26/2017	0.373359	0.544796	0.369977	0.465419	2,000,710	37,305,000
10/25/2017	0.348346	0.371436	0.333412	0.370167	232,526	34,725,000
10/24/2017	0.325001	0.383390	0.317789	0.344256	384,914	32,366,500
10/23/2017	0.335895	0.344292	0.295351	0.329264	242,392	33,437,600
10/22/2017	0.324891	0.339309	0.317451	0.336471	196,362	32,341,000
10/21/2017	0.355788	0.362992	0.322944	0.324835	189,861	35,407,200
10/20/2017	0.381101	0.390891	0.354431	0.356387	247,610	37,916,500
10/19/2017	0.392076	0.424005	0.378207	0.381145	413,279	38,964,500
10/18/2017	0.386113	0.401275	0.363988	0.396956	382,612	38,364,000
10/17/2017	0.389009	0.407314	0.373442	0.386236	359,276	38,651,800
10/16/2017	0.380630	0.412121	0.363472	0.388716	532,592	37,819,000
10/15/2017	0.388015	0.394184	0.362355	0.380659	156,812	38,552,000
10/14/2017	0.422599	0.428482	0.384462	0.387271	260,957	41,985,300
10/13/2017	0.461312	0.471536	0.406974	0.421987	468,385	45,817,800
10/12/2017	0.415058	0.546062	0.392636	0.465897	1,297,600	41,221,600
10/11/2017	0.367309	0.410956	0.366162	0.410956	260,399	36,400,600
10/10/2017	0.377255	0.379663	0.348377	0.366814	206,731	37,384,100
10/09/2017	0.336305	0.401671	0.331112	0.377145	385,098	33,321,700
10/08/2017	0.413141	0.422883	0.338332	0.339180	358,005	40,899,200
10/07/2017	0.440157	0.440544	0.394557	0.414252	384,801	43,572,300
10/06/2017	0.446305	0.464156	0.437217	0.441117	309,994	44,025,600
10/05/2017	0.448688	0.465031	0.429796	0.446274	246,691	44,260,700
10/04/2017	0.443772	0.460322	0.433913	0.445874	332,927	43,775,700
10/03/2017	0.479242	0.482679	0.436690	0.439441	429,545	47,274,700
10/02/2017	0.499519	0.527418	0.483977	0.488033	387,806	49,202,900
10/01/2017	0.517018	0.521922	0.489145	0.499628	334,085	50,926,600
09/30/2017	0.493482	0.523962	0.493454	0.516659	314,177	48,608,300
09/29/2017	0.519439	0.525373	0.477659	0.497470	353,266	51,165,000
09/28/2017	0.539565	0.544975	0.507419	0.525182	485,328	53,145,100
09/27/2017	0.492348	0.548111	0.492348	0.539495	531,427	48,447,100
09/26/2017	0.481721	0.512293	0.472320	0.495299	613,882	47,374,100
09/25/2017	0.484184	0.507813	0.472693	0.482268	666,430	47,616,300
09/24/2017	0.455832	0.501937	0.441701	0.484563	923,273	44,828,100
09/23/2017	0.437061	0.466478	0.426174	0.452219	407,983	42,981,800
09/22/2017	0.438405	0.470075	0.419060	0.438548	1,075,440	43,110,200
09/21/2017	0.473536	0.475462	0.404259	0.436615	529,935	46,536,200
09/20/2017	0.456966	0.516298	0.438791	0.475800	853,056	44,854,500
09/19/2017	0.510046	0.516982	0.450574	0.457510	497,528	49,839,500
09/18/2017	0.479217	0.533764	0.466691	0.512880	753,350	46,782,000
09/17/2017	0.426452	0.505508	0.392850	0.476022	875,943	41,350,800
09/16/2017	0.461915	0.468359	0.402648	0.429093	716,162	44,752,700
09/15/2017	0.364015	0.478140	0.301961	0.466670	1,439,540	35,248,000
09/14/2017	0.489133	0.492944	0.356881	0.356881	996,515	47,359,400
09/13/2017	0.544685	0.549627	0.456854	0.488777	623,104	52,712,300
09/12/2017	0.572943	0.590331	0.530286	0.538851	1,006,850	55,429,600
09/11/2017	0.538588	0.594984	0.518971	0.574952	781,731	52,074,900
09/10/2017	0.565961	0.570451	0.491353	0.536985	707,114	54,696,400
09/09/2017	0.561025	0.585872	0.543726	0.565411	825,134	54,198,400
09/08/2017	0.742613	0.742613	0.539260	0.558564	2,105,020	71,707,000
09/07/2017	0.571496	0.761135	0.548747	0.738819	2,475,260	55,160,400
09/06/2017	0.587014	0.658697	0.552758	0.574492	1,997,460	56,648,000
09/05/2017	0.608911	0.613806	0.441760	0.583639	2,015,430	58,758,500
09/04/2017	0.767708	0.775330	0.492913	0.610718	2,499,270	74,065,900
09/03/2017	0.778887	0.826783	0.702536	0.768515	1,909,240	75,130,100
09/02/2017	0.931812	0.935161	0.743062	0.781205	2,537,490	89,804,800
09/01/2017	0.995697	1.02	0.916932	0.933382	2,323,570	95,868,900
08/31/2017	0.963100	1.09	0.925354	0.996554	4,242,910	92,632,900
08/30/2017	1.04	1.14	0.874257	0.964408	5,589,660	99,061,000
08/29/2017	0.851371	1.19	0.827136	1.03	11,521,500	81,222,600
08/28/2017	0.890822	0.899043	0.830004	0.852410	2,011,790	71,623,300
08/27/2017	0.900483	0.917618	0.878471	0.892490	1,945,990	72,399,000
08/26/2017	0.916456	0.946031	0.873968	0.902888	2,105,030	73,683,300
08/25/2017	0.947505	0.955943	0.899669	0.915647	1,650,080	76,146,900
08/24/2017	0.947929	0.971298	0.930296	0.949803	1,799,440	76,159,100
08/23/2017	0.916486	1.01	0.910822	0.956806	2,970,730	70,944,100
08/22/2017	0.991265	0.991945	0.835756	0.917545	3,196,800	76,394,200
08/21/2017	1.08	1.10	0.982195	0.988663	3,690,760	82,924,900
08/20/2017	1.09	1.16	1.03	1.09	3,724,700	82,551,000
08/19/2017	1.20	1.24	1.01	1.10	5,545,550	90,294,100
08/18/2017	1.22	1.44	1.14	1.20	10,425,300	91,862,800
08/17/2017	1.34	1.36	1.10	1.22	9,508,230	99,674,000
08/16/2017	1.41	1.44	1.34	1.34	5,151,320	105,200,000
08/15/2017	1.57	1.60	1.32	1.42	11,604,800	116,074,000
08/14/2017	1.64	1.86	1.50	1.58	17,517,800	119,564,000
08/13/2017	1.81	1.81	1.43	1.62	31,553,500	130,157,000
08/12/2017	0.741852	2.52	0.734906	1.82	57,858,800	52,674,900
08/11/2017	0.706427	0.836820	0.656105	0.768432	2,308,360	50,158,300
08/10/2017	0.547122	0.823418	0.522393	0.699732	3,241,420	38,768,200
08/09/2017	0.403390	0.552984	0.394094	0.552984	692,681	28,520,000
08/08/2017	0.357387	0.414547	0.351998	0.401730	356,667	25,175,600
08/07/2017	0.391452	0.392806	0.340591	0.354527	423,747	27,549,900
08/06/2017	0.408041	0.421173	0.386273	0.392161	290,063	28,662,800
08/05/2017	0.416951	0.437615	0.400235	0.407846	299,467	29,278,100
08/04/2017	0.404722	0.423343	0.404722	0.416888	201,057	28,402,800
08/03/2017	0.416073	0.426313	0.398435	0.403398	215,971	29,183,000
08/02/2017	0.378945	0.426444	0.367124	0.415882	227,110	26,578,500
08/01/2017	0.372337	0.409671	0.346961	0.379295	278,076	26,115,000
07/31/2017	0.384566	0.385733	0.352098	0.373290	198,861	26,902,400
07/30/2017	0.375825	0.394261	0.360806	0.384565	168,218	25,981,800
07/29/2017	0.374114	0.380450	0.343974	0.376049	161,866	25,645,400
07/28/2017	0.391473	0.401744	0.365688	0.373092	174,720	26,817,800
07/27/2017	0.414418	0.429649	0.380025	0.390638	200,062	28,373,700
07/26/2017	0.404820	0.414708	0.377864	0.413331	169,283	27,697,300
07/25/2017	0.478594	0.482677	0.380830	0.405329	261,117	32,733,900
07/24/2017	0.487482	0.501711	0.470474	0.482707	242,227	33,333,300
07/23/2017	0.521570	0.530105	0.464330	0.488238	306,912	35,342,900
07/22/2017	0.461104	0.525728	0.456673	0.519977	397,344	31,115,300
07/21/2017	0.504660	0.586049	0.451133	0.480306	649,008	31,962,400
07/20/2017	0.366830	0.621364	0.366495	0.501348	1,125,450	23,114,800
07/19/2017	0.394495	0.410564	0.357788	0.366947	197,570	24,814,400
07/18/2017	0.380243	0.407776	0.357398	0.392951	266,076	19,310,000
07/17/2017	0.292913	0.384072	0.291781	0.379326	282,816	14,803,700
07/16/2017	0.341801	0.351195	0.274610	0.293392	197,808	17,257,800
07/15/2017	0.396033	0.398359	0.342046	0.350241	162,487	19,930,800
07/14/2017	0.456473	0.466195	0.389188	0.396636	297,376	22,898,200
07/13/2017	0.511640	0.523713	0.446654	0.457235	617,797	25,350,800
07/12/2017	0.459609	0.538527	0.435429	0.504454	1,922,000	22,607,500
07/11/2017	0.412409	0.462682	0.325340	0.460146	177,442	20,205,200
07/10/2017	0.497863	0.515386	0.380380	0.413388	223,242	22,115,700
07/09/2017	0.579497	0.622970	0.500125	0.500125	186,393	25,668,200
07/08/2017	0.522406	0.593882	0.488792	0.577366	181,409	23,066,600
07/07/2017	0.638777	0.654483	0.501866	0.521862	367,786	28,096,200
07/06/2017	0.658381	0.720909	0.651197	0.651197	209,972	28,812,300
07/05/2017	0.796284	0.796284	0.643185	0.659326	211,845	34,480,200
07/04/2017	0.818539	0.935137	0.686756	0.794665	482,686	35,110,200
07/03/2017	0.545695	0.821585	0.460633	0.813070	377,442	23,331,400
07/02/2017	0.522091	0.577690	0.439085	0.548470	211,542	-
