Date	Open	High	Low	Close	Volume	Market Cap
07/15/2018	0.746418	0.747655	0.722171	0.730223	4,856,290	81,509,100
07/14/2018	0.698361	0.801071	0.696400	0.746002	7,753,930	76,261,300
07/13/2018	0.600009	0.844887	0.600009	0.701817	12,405,200	65,521,200
07/12/2018	0.598843	0.616721	0.568886	0.588453	4,906,510	65,393,900
07/11/2018	0.592847	0.656002	0.567525	0.599807	5,622,960	64,739,100
07/10/2018	0.629064	0.665708	0.591947	0.592098	4,754,660	68,694,000
07/09/2018	0.643654	0.645718	0.615531	0.628803	3,774,090	70,287,200
07/08/2018	0.654814	0.666946	0.641529	0.643451	3,202,230	71,505,900
07/07/2018	0.630997	0.654571	0.625792	0.654340	3,336,940	68,905,100
07/06/2018	0.685059	0.685385	0.613949	0.633875	4,293,480	74,808,700
07/05/2018	0.701378	0.706009	0.680931	0.684656	4,404,800	76,590,700
07/04/2018	0.729438	0.731293	0.685721	0.699800	4,849,650	79,654,900
07/03/2018	0.781499	0.808314	0.729129	0.729605	5,203,300	85,340,000
07/02/2018	0.736384	0.793097	0.728888	0.782273	6,160,490	80,413,400
07/01/2018	0.769701	0.775006	0.712582	0.737786	6,506,070	84,051,600
06/30/2018	0.738996	0.900162	0.714402	0.767305	16,080,500	80,698,600
06/29/2018	0.525747	0.764396	0.518521	0.737008	9,331,330	57,411,800
06/28/2018	0.502696	0.581837	0.488012	0.527113	4,620,710	54,894,600
06/27/2018	0.486186	0.501573	0.466719	0.501573	3,095,970	53,091,700
06/26/2018	0.520037	0.520758	0.486454	0.486612	2,723,770	56,788,200
06/25/2018	0.519077	0.548988	0.512985	0.520103	2,946,290	56,683,400
06/24/2018	0.521359	0.530427	0.468540	0.520919	3,085,970	56,932,600
06/23/2018	0.528006	0.549921	0.520449	0.521517	3,031,680	57,658,400
06/22/2018	0.600736	0.601885	0.516431	0.528036	3,079,500	65,600,600
06/21/2018	0.614726	0.616181	0.595450	0.600392	3,172,140	67,034,100
06/20/2018	0.632665	0.632755	0.604737	0.613917	3,168,440	68,990,400
06/19/2018	0.627510	0.634496	0.615408	0.632250	3,731,750	68,428,200
06/18/2018	0.616141	0.629777	0.603058	0.628126	3,184,090	67,188,500
06/17/2018	0.609748	0.622895	0.598046	0.617571	3,412,570	66,491,300
06/16/2018	0.615497	0.625455	0.601471	0.608141	3,214,640	67,118,300
06/15/2018	0.637113	0.637216	0.613115	0.616883	3,628,790	69,475,400
06/14/2018	0.602253	0.642660	0.598128	0.637530	4,022,320	65,674,100
06/13/2018	0.658079	0.658079	0.590521	0.602488	3,904,990	71,761,700
06/12/2018	0.763820	0.763820	0.654396	0.656685	5,270,550	83,292,500
06/11/2018	0.728118	0.761852	0.690137	0.760809	4,708,830	79,399,200
06/10/2018	0.841421	0.841421	0.702056	0.726927	4,899,960	91,754,700
06/09/2018	0.888929	0.891671	0.841883	0.841883	4,641,310	96,935,200
06/08/2018	0.896610	0.899087	0.862681	0.888873	4,887,450	97,772,900
06/07/2018	0.895089	0.926912	0.893398	0.895733	5,122,900	97,607,000
06/06/2018	0.908094	0.912381	0.879816	0.894405	5,604,010	99,025,200
06/05/2018	0.893044	0.909699	0.868429	0.909699	6,923,650	97,384,000
06/04/2018	0.958910	0.961577	0.887616	0.890930	6,760,330	104,567,000
06/03/2018	0.939082	0.965900	0.930223	0.965377	6,698,030	102,404,000
06/02/2018	0.911775	0.945301	0.907028	0.938937	6,027,180	99,426,600
06/01/2018	0.930243	0.945646	0.904013	0.913146	6,332,880	101,440,000
05/31/2018	0.904715	0.960742	0.893647	0.926967	5,918,830	98,656,700
05/30/2018	0.917623	0.950925	0.890308	0.903932	5,747,550	100,064,000
05/29/2018	0.873687	0.922365	0.864896	0.917101	6,126,170	95,273,200
05/28/2018	0.956199	0.965315	0.875078	0.875541	5,741,490	104,271,000
05/27/2018	0.982321	0.995133	0.953044	0.955758	5,947,140	107,119,000
05/26/2018	0.977289	1.02	0.970488	0.985544	6,784,910	106,571,000
05/25/2018	0.988819	1.00	0.948617	0.981161	6,185,090	107,786,000
05/24/2018	0.966203	1.00	0.917315	0.986335	7,127,100	105,321,000
05/23/2018	1.08	1.09	0.941236	0.965676	6,235,640	117,274,000
05/22/2018	1.19	1.19	1.08	1.08	6,968,870	129,219,000
05/21/2018	1.26	1.27	1.18	1.19	7,869,070	137,178,000
05/20/2018	1.26	1.27	1.24	1.26	7,453,200	136,959,000
05/19/2018	1.31	1.32	1.25	1.26	7,869,670	142,262,000
05/18/2018	1.28	1.32	1.21	1.30	11,583,200	139,043,000
05/17/2018	1.43	1.43	1.27	1.28	9,151,450	155,363,000
05/16/2018	1.31	1.75	1.20	1.43	53,769,400	142,707,000
05/15/2018	1.30	1.34	1.22	1.31	11,492,500	142,164,000
05/14/2018	1.25	1.32	1.13	1.30	7,910,480	136,174,000
05/13/2018	1.16	1.25	1.16	1.25	6,725,170	126,603,000
05/12/2018	1.14	1.19	1.07	1.16	6,228,900	124,324,000
05/11/2018	1.27	1.27	1.13	1.14	7,299,560	138,099,000
05/10/2018	1.35	1.35	1.26	1.27	7,067,650	146,835,000
05/09/2018	1.37	1.39	1.29	1.35	7,800,110	149,079,000
05/08/2018	1.41	1.51	1.36	1.36	8,296,450	153,862,000
05/07/2018	1.42	1.43	1.34	1.41	5,177,760	155,276,000
05/06/2018	1.56	1.58	1.38	1.43	3,507,650	170,260,000
05/05/2018	1.63	1.66	1.54	1.56	2,872,690	178,064,000
05/04/2018	1.61	1.67	1.59	1.63	2,901,290	175,291,000
05/03/2018	1.64	1.66	1.58	1.61	3,296,330	178,812,000
05/02/2018	1.61	1.65	1.57	1.64	3,618,740	175,009,000
05/01/2018	1.57	1.62	1.51	1.61	3,615,740	171,200,000
04/30/2018	1.50	1.66	1.49	1.57	4,015,500	163,279,000
04/29/2018	1.49	1.52	1.45	1.50	2,610,620	162,262,000
04/28/2018	1.44	1.54	1.44	1.49	2,464,130	157,129,000
04/27/2018	1.56	1.56	1.45	1.45	2,049,430	169,648,000
04/26/2018	1.42	1.56	1.38	1.56	2,389,890	154,406,000
04/25/2018	1.68	1.69	1.38	1.40	4,204,400	182,831,000
04/24/2018	1.61	1.70	1.61	1.69	6,945,640	175,478,000
04/23/2018	1.56	1.61	1.55	1.61	5,675,690	170,021,000
04/22/2018	1.55	1.67	1.52	1.56	6,125,330	168,905,000
04/21/2018	1.56	1.61	1.47	1.55	6,250,180	169,906,000
04/20/2018	1.59	1.61	1.51	1.56	7,466,980	173,254,000
04/19/2018	1.32	1.62	1.32	1.59	14,750,400	144,223,000
04/18/2018	1.20	1.35	1.19	1.32	5,686,510	130,885,000
04/17/2018	1.20	1.24	1.18	1.20	4,932,590	130,393,000
04/16/2018	1.28	1.28	1.17	1.20	5,184,130	139,600,000
04/15/2018	1.24	1.30	1.24	1.28	5,147,310	134,841,000
04/14/2018	1.18	1.26	1.18	1.24	4,972,490	128,729,000
04/13/2018	1.14	1.25	1.10	1.18	5,263,440	124,131,000
04/12/2018	1.03	1.14	0.947134	1.14	5,836,040	108,312,000
04/11/2018	0.926549	1.04	0.899608	1.04	6,157,100	96,973,800
04/10/2018	0.900689	0.926100	0.869987	0.925521	4,397,250	94,267,200
04/09/2018	0.909235	0.961398	0.866970	0.898557	4,117,000	95,161,700
04/08/2018	0.886668	0.934942	0.886668	0.906477	4,055,570	92,799,800
04/07/2018	0.857378	0.912533	0.851961	0.887374	3,728,130	89,734,300
04/06/2018	0.885097	0.898114	0.849328	0.856999	3,607,890	92,635,400
04/05/2018	0.897678	0.904103	0.870380	0.889499	3,964,890	93,952,200
04/04/2018	1.00	1.00	0.868633	0.897638	4,133,450	104,977,000
04/03/2018	0.897274	1.01	0.887428	1.00	5,074,400	93,909,800
04/02/2018	0.853209	0.931949	0.847138	0.897315	4,340,890	89,298,000
04/01/2018	0.862562	0.878519	0.808137	0.849886	4,242,110	90,276,900
03/31/2018	0.879452	0.916037	0.855814	0.861646	3,980,810	92,044,600
03/30/2018	0.913478	0.949927	0.837632	0.884110	4,561,650	95,605,800
03/29/2018	1.05	1.08	0.893203	0.915783	5,213,490	110,325,000
03/28/2018	1.06	1.07	1.03	1.05	5,350,530	110,601,000
03/27/2018	1.23	1.25	1.03	1.05	5,650,250	128,362,000
03/26/2018	1.33	1.35	1.16	1.23	5,138,750	139,482,000
03/25/2018	1.25	1.35	1.23	1.34	5,683,700	130,384,000
03/24/2018	1.22	1.32	1.21	1.26	4,968,090	127,856,000
03/23/2018	1.16	1.21	1.07	1.21	4,953,130	121,163,000
03/22/2018	1.19	1.21	1.10	1.16	4,450,280	124,817,000
03/21/2018	1.20	1.25	1.17	1.19	4,711,680	125,872,000
03/20/2018	1.14	1.23	1.09	1.19	4,905,920	119,251,000
03/19/2018	1.14	1.18	1.02	1.12	6,311,920	119,592,000
03/18/2018	1.11	1.21	0.992672	1.15	5,529,200	116,133,000
03/17/2018	1.17	1.24	1.11	1.12	4,573,190	122,606,000
03/16/2018	1.16	1.28	1.11	1.17	4,653,390	121,324,000
03/15/2018	1.17	1.20	1.07	1.16	5,027,650	122,042,000
03/14/2018	1.38	1.40	1.13	1.16	5,105,520	144,279,000
03/13/2018	1.35	1.44	1.33	1.38	3,751,420	141,489,000
03/12/2018	1.38	1.43	1.30	1.36	3,897,150	144,357,000
03/11/2018	1.29	1.42	1.24	1.38	1,652,590	134,923,000
03/10/2018	1.36	1.39	1.28	1.29	1,791,700	142,106,000
03/09/2018	1.36	1.37	1.15	1.36	2,580,590	142,861,000
03/08/2018	1.49	1.53	1.36	1.37	2,169,500	156,426,000
03/07/2018	1.71	1.74	1.45	1.50	2,659,680	178,691,000
03/06/2018	1.87	1.87	1.68	1.71	2,806,480	195,684,000
03/05/2018	1.98	1.98	1.85	1.88	4,478,650	207,166,000
03/04/2018	1.78	2.01	1.67	2.00	7,790,400	186,363,000
03/03/2018	1.59	1.81	1.59	1.79	7,065,470	166,813,000
03/02/2018	1.66	1.77	1.57	1.59	4,809,010	173,271,000
03/01/2018	1.48	1.86	1.48	1.65	8,846,680	155,126,000
02/28/2018	1.62	1.64	1.48	1.48	2,544,680	169,465,000
02/27/2018	1.61	1.66	1.60	1.62	1,952,470	168,120,000
02/26/2018	1.51	1.63	1.50	1.60	1,790,190	157,558,000
02/25/2018	1.53	1.55	1.46	1.50	1,523,020	159,959,000
02/24/2018	1.62	1.66	1.47	1.53	1,909,140	169,634,000
02/23/2018	1.56	1.68	1.52	1.62	2,009,190	163,287,000
02/22/2018	1.67	1.74	1.53	1.56	2,048,070	174,751,000
02/21/2018	1.85	1.85	1.62	1.67	2,548,370	193,673,000
02/20/2018	2.07	2.11	1.84	1.85	3,356,750	216,506,000
02/19/2018	1.97	2.11	1.96	2.07	2,705,630	206,446,000
02/18/2018	2.14	2.16	1.93	1.98	2,494,380	224,375,000
02/17/2018	1.96	2.16	1.95	2.14	3,137,880	205,568,000
02/16/2018	1.98	1.99	1.89	1.97	2,369,250	206,725,000
02/15/2018	1.94	1.99	1.87	1.99	2,964,980	203,208,000
02/14/2018	1.81	1.95	1.80	1.94	2,950,240	189,371,000
02/13/2018	1.96	1.96	1.77	1.81	2,966,310	204,766,000
02/12/2018	1.76	1.96	1.76	1.95	3,602,900	184,072,000
02/11/2018	1.83	1.87	1.60	1.75	3,566,390	191,371,000
02/10/2018	1.74	1.96	1.67	1.83	6,578,240	182,502,000
02/09/2018	1.57	1.77	1.50	1.75	4,060,050	164,696,000
02/08/2018	1.45	1.63	1.43	1.57	5,187,240	151,409,000
02/07/2018	1.59	1.72	1.43	1.45	7,972,840	166,557,000
02/06/2018	1.36	1.66	1.09	1.60	7,260,520	142,362,000
02/05/2018	1.70	1.73	1.23	1.35	7,011,110	177,491,000
02/04/2018	2.01	2.01	1.59	1.71	8,106,130	209,891,000
02/03/2018	1.90	2.06	1.75	2.01	9,382,430	199,306,000
02/02/2018	1.94	1.96	1.47	1.89	5,891,370	203,401,000
02/01/2018	2.32	2.36	1.83	1.95	7,751,300	243,094,000
01/31/2018	2.34	2.39	2.16	2.31	15,233,400	244,804,000
01/30/2018	2.53	2.53	2.13	2.35	9,836,630	264,714,000
01/29/2018	2.76	2.86	2.48	2.53	12,845,800	289,153,000
01/28/2018	2.52	2.80	2.52	2.78	20,534,600	263,631,000
01/27/2018	2.39	2.58	2.33	2.51	11,630,600	250,354,000
01/26/2018	2.48	2.54	2.24	2.41	11,024,300	259,240,000
01/25/2018	2.57	2.61	2.37	2.48	11,502,100	269,328,000
01/24/2018	2.40	2.58	2.27	2.53	11,992,000	251,670,000
01/23/2018	2.28	2.49	2.11	2.41	9,939,170	238,561,000
01/22/2018	2.44	2.56	2.10	2.28	11,879,200	255,536,000
01/21/2018	2.89	2.89	2.34	2.42	8,606,860	302,840,000
01/20/2018	2.61	2.94	2.61	2.89	8,661,910	273,372,000
01/19/2018	2.52	2.74	2.43	2.59	10,953,400	263,531,000
01/18/2018	2.58	2.81	2.10	2.55	14,577,400	269,851,000
01/17/2018	2.45	2.65	1.85	2.57	16,197,400	256,714,000
01/16/2018	3.42	3.42	2.03	2.51	20,981,500	357,733,000
01/15/2018	3.81	3.86	3.41	3.41	24,344,000	398,783,000
01/14/2018	3.70	3.97	3.42	3.85	30,756,100	386,793,000
01/13/2018	3.45	3.85	3.38	3.70	24,171,100	360,720,000
01/12/2018	3.11	3.76	2.96	3.46	24,575,400	325,845,000
01/11/2018	3.58	3.62	2.83	3.09	19,377,200	374,753,000
01/10/2018	3.85	3.93	3.28	3.59	21,191,800	402,889,000
01/09/2018	3.90	4.30	3.82	3.85	23,811,700	408,224,000
01/08/2018	3.95	4.08	3.24	3.91	25,176,900	413,826,000
01/07/2018	3.72	4.18	3.69	3.97	33,424,500	388,865,000
01/06/2018	3.94	4.10	3.49	3.73	32,369,500	412,251,000
01/05/2018	4.64	5.10	3.76	3.92	45,959,500	485,746,000
01/04/2018	4.58	5.11	4.25	4.65	37,993,800	479,655,000
01/03/2018	4.22	4.68	3.83	4.59	31,290,500	441,640,000
01/02/2018	4.01	4.70	3.90	4.24	34,190,000	419,409,000
01/01/2018	4.05	4.15	3.74	4.03	16,548,300	423,356,000
12/31/2017	3.60	4.36	3.51	4.08	22,511,900	377,274,000
12/30/2017	4.18	4.20	3.24	3.62	14,236,400	437,833,000
12/29/2017	4.13	4.65	4.05	4.22	19,693,700	432,614,000
12/28/2017	4.11	4.23	3.24	4.18	25,092,700	429,942,000
12/27/2017	4.40	4.61	3.96	4.15	26,603,000	460,462,000
12/26/2017	4.53	4.78	4.04	4.39	35,774,200	473,906,000
12/25/2017	4.78	5.40	4.29	4.58	55,733,200	500,566,000
12/24/2017	3.88	5.33	3.30	4.68	84,506,600	405,998,000
12/23/2017	2.95	4.25	2.95	3.79	25,941,600	308,923,000
12/22/2017	3.64	3.75	2.18	2.92	14,858,200	381,241,000
12/21/2017	3.57	4.29	3.31	3.62	28,856,500	373,258,000
12/20/2017	3.45	3.57	2.90	3.55	18,190,000	361,326,000
12/19/2017	4.02	4.12	3.29	3.44	25,958,300	420,590,000
12/18/2017	3.77	4.08	3.27	3.97	28,914,900	394,322,000
12/17/2017	2.91	3.76	2.85	3.73	24,384,600	304,268,000
12/16/2017	2.45	3.00	2.44	2.91	20,847,000	256,181,000
12/15/2017	2.56	2.57	2.16	2.45	10,062,700	267,593,000
12/14/2017	2.34	2.64	2.29	2.57	12,869,900	245,366,000
12/13/2017	2.22	2.43	2.08	2.38	10,059,800	232,633,000
12/12/2017	2.13	2.32	2.05	2.22	10,193,500	223,082,000
12/11/2017	1.93	2.29	1.91	2.11	6,871,600	201,597,000
12/10/2017	2.16	2.16	1.80	1.95	5,839,650	225,891,000
12/09/2017	2.34	2.34	1.92	2.15	6,269,350	245,086,000
12/08/2017	1.96	2.44	1.87	2.35	8,592,790	204,718,000
12/07/2017	2.23	2.42	1.92	1.94	11,229,200	233,168,000
12/06/2017	2.64	2.66	2.23	2.25	12,131,500	276,385,000
12/05/2017	2.70	2.95	2.59	2.66	17,721,300	282,641,000
12/04/2017	2.39	2.73	2.36	2.70	9,442,190	249,682,000
12/03/2017	2.35	2.49	2.22	2.38	5,821,760	245,476,000
12/02/2017	2.40	2.43	2.23	2.34	4,476,150	250,880,000
12/01/2017	2.14	2.39	1.97	2.39	4,928,220	223,874,000
11/30/2017	2.07	2.33	1.88	2.15	6,059,510	217,071,000
11/29/2017	2.67	2.91	1.92	2.04	13,209,400	279,232,000
11/28/2017	2.37	2.74	2.29	2.68	13,254,900	247,669,000
11/27/2017	2.33	2.39	2.16	2.36	6,787,580	244,349,000
11/26/2017	2.01	2.37	2.01	2.34	9,158,000	210,669,000
11/25/2017	1.89	2.04	1.86	2.01	3,554,900	198,005,000
11/24/2017	1.88	1.93	1.82	1.90	2,940,540	196,284,000
11/23/2017	1.89	1.93	1.85	1.88	3,252,390	198,182,000
11/22/2017	1.86	1.95	1.84	1.91	3,539,160	195,042,000
11/21/2017	1.98	2.05	1.70	1.87	6,465,280	206,906,000
11/20/2017	1.67	2.35	1.66	1.99	17,108,600	174,402,000
11/19/2017	1.71	1.73	1.63	1.67	2,376,050	178,982,000
11/18/2017	1.64	1.75	1.58	1.71	2,325,690	171,429,000
11/17/2017	1.64	1.67	1.56	1.64	2,184,110	171,594,000
11/16/2017	1.66	1.71	1.60	1.65	2,465,150	173,477,000
11/15/2017	1.69	1.73	1.62	1.64	2,120,990	177,381,000
11/14/2017	1.64	1.71	1.57	1.71	1,972,060	171,936,000
11/13/2017	1.54	1.69	1.53	1.64	1,939,190	160,912,000
11/12/2017	1.68	1.70	1.41	1.54	2,781,570	176,060,000
11/11/2017	1.73	1.82	1.69	1.70	1,556,640	181,557,000
11/10/2017	1.99	2.08	1.66	1.74	3,848,040	208,425,000
11/09/2017	1.90	2.04	1.83	1.98	3,661,920	199,379,000
11/08/2017	1.69	1.99	1.63	1.90	3,642,740	176,875,000
11/07/2017	1.60	1.73	1.59	1.70	1,840,750	167,903,000
11/06/2017	1.63	1.66	1.55	1.60	1,778,150	170,162,000
11/05/2017	1.64	1.67	1.55	1.61	1,473,870	172,007,000
11/04/2017	1.72	1.72	1.62	1.64	1,288,170	179,649,000
11/03/2017	1.54	1.81	1.54	1.73	3,130,570	161,099,000
11/02/2017	1.51	1.57	1.41	1.54	3,165,970	158,432,000
11/01/2017	1.78	1.79	1.52	1.52	3,436,630	186,362,000
10/31/2017	1.77	1.84	1.75	1.78	1,749,920	185,261,000
10/30/2017	1.71	1.82	1.69	1.78	1,515,540	178,539,000
10/29/2017	1.73	1.81	1.70	1.71	1,600,250	181,261,000
10/28/2017	1.81	1.83	1.72	1.73	877,822	189,057,000
10/27/2017	1.80	1.84	1.74	1.80	1,353,430	187,876,000
10/26/2017	1.81	1.95	1.76	1.79	1,999,040	189,557,000
10/25/2017	1.88	1.92	1.75	1.82	1,537,370	196,494,000
10/24/2017	1.70	1.97	1.65	1.87	3,257,940	177,877,000
10/23/2017	1.76	1.79	1.62	1.70	1,626,990	184,311,000
10/22/2017	1.79	1.85	1.72	1.78	1,364,770	187,671,000
10/21/2017	1.80	1.82	1.66	1.79	1,803,770	187,989,000
10/20/2017	1.94	2.02	1.76	1.76	2,239,300	203,351,000
10/19/2017	1.98	2.08	1.90	1.95	2,116,140	207,425,000
10/18/2017	1.86	2.01	1.80	1.99	3,166,310	194,536,000
10/17/2017	1.93	1.95	1.79	1.85	1,935,210	202,485,000
10/16/2017	1.93	1.98	1.81	1.93	1,765,220	202,249,000
10/15/2017	1.91	1.99	1.79	1.93	2,014,170	199,668,000
10/14/2017	1.96	2.00	1.84	1.90	1,953,950	205,649,000
10/13/2017	2.07	2.07	1.93	1.97	3,008,780	216,959,000
10/12/2017	2.19	2.25	2.01	2.07	3,646,780	229,278,000
10/11/2017	2.03	2.27	1.98	2.19	3,066,290	212,143,000
10/10/2017	1.87	2.06	1.85	2.04	2,615,710	196,224,000
10/09/2017	1.87	2.03	1.81	1.88	3,114,140	196,112,000
10/08/2017	2.12	2.13	1.84	1.88	3,127,350	221,967,000
10/07/2017	2.18	2.19	2.06	2.13	1,399,150	228,600,000
10/06/2017	2.13	2.31	2.11	2.19	1,841,650	222,831,000
10/05/2017	2.19	2.20	1.95	2.12	2,960,440	229,425,000
10/04/2017	2.37	2.38	2.11	2.19	2,734,090	247,936,000
10/03/2017	2.42	2.49	2.25	2.36	2,411,880	252,767,000
10/02/2017	2.73	2.75	2.41	2.42	3,960,140	286,130,000
10/01/2017	2.70	2.80	2.57	2.73	3,566,410	282,157,000
09/30/2017	2.50	2.71	2.49	2.69	2,678,700	262,043,000
09/29/2017	2.75	2.75	2.35	2.50	4,474,950	288,115,000
09/28/2017	3.08	3.11	2.56	2.78	8,056,480	322,714,000
09/27/2017	2.50	3.10	2.50	3.09	9,783,940	261,987,000
09/26/2017	2.32	2.73	2.29	2.51	8,809,800	243,071,000
09/25/2017	2.07	2.45	2.05	2.32	5,107,580	216,610,000
09/24/2017	2.09	2.16	2.01	2.06	2,556,770	218,457,000
09/23/2017	2.01	2.24	1.95	2.08	5,925,450	210,564,000
09/22/2017	1.61	2.41	1.58	2.01	20,251,500	168,761,000
09/21/2017	1.87	1.87	1.55	1.61	3,126,050	195,509,000
09/20/2017	1.98	2.01	1.80	1.87	3,408,460	206,955,000
09/19/2017	2.19	2.20	1.92	1.98	3,948,150	229,159,000
09/18/2017	2.06	2.33	2.06	2.18	3,764,930	215,784,000
09/17/2017	2.16	2.18	1.93	2.06	1,812,480	226,442,000
09/16/2017	2.22	2.27	1.97	2.17	3,924,690	232,609,000
09/15/2017	1.73	2.22	1.34	2.22	7,176,660	180,783,000
09/14/2017	2.34	2.37	1.73	1.74	5,434,480	244,994,000
09/13/2017	2.51	2.54	2.17	2.33	4,374,450	262,647,000
09/12/2017	2.56	2.86	2.46	2.53	6,993,150	268,266,000
09/11/2017	2.60	2.65	2.48	2.55	3,785,740	272,602,000
09/10/2017	2.68	2.72	2.37	2.57	5,583,990	280,382,000
09/09/2017	2.76	2.88	2.57	2.67	5,556,020	288,553,000
09/08/2017	3.18	3.42	2.55	2.73	11,828,700	333,047,000
09/07/2017	2.96	3.21	2.86	3.18	10,850,500	309,338,000
09/06/2017	2.93	3.19	2.74	2.97	13,894,900	306,395,000
09/05/2017	2.76	3.04	2.29	2.92	15,330,600	288,672,000
09/04/2017	3.53	3.53	2.33	2.75	25,177,900	369,749,000
09/03/2017	3.62	3.64	3.27	3.53	13,885,000	378,656,000
09/02/2017	4.00	4.00	3.43	3.60	17,736,200	419,080,000
09/01/2017	4.28	4.33	3.90	4.00	19,597,000	447,541,000
08/31/2017	4.34	4.37	4.10	4.27	18,249,400	453,775,000
08/30/2017	4.21	4.55	3.77	4.35	38,732,600	441,133,000
08/29/2017	3.78	4.59	3.75	4.23	55,100,500	395,328,000
08/28/2017	3.62	3.97	3.47	3.77	19,053,600	379,165,000
08/27/2017	3.69	3.71	3.53	3.60	9,396,920	386,403,000
08/26/2017	3.52	3.79	3.40	3.70	13,238,500	368,018,000
08/25/2017	3.63	3.66	3.44	3.48	10,738,900	380,408,000
08/24/2017	3.63	3.77	3.48	3.61	13,663,200	379,566,000
08/23/2017	3.55	3.86	3.55	3.61	16,820,800	371,462,000
08/22/2017	3.64	3.72	3.21	3.53	15,464,100	380,944,000
08/21/2017	4.04	4.20	3.56	3.66	17,514,800	422,694,000
08/20/2017	4.17	4.41	3.78	4.05	21,808,800	436,462,000
08/19/2017	3.65	4.41	3.16	4.23	29,938,900	381,713,000
08/18/2017	4.28	4.28	3.43	3.64	27,194,300	448,443,000
08/17/2017	4.70	4.74	4.19	4.29	27,541,400	491,787,000
08/16/2017	4.15	4.95	4.11	4.69	38,520,100	434,405,000
08/15/2017	4.57	4.58	3.96	4.13	32,234,900	478,360,000
08/14/2017	5.10	5.37	4.31	4.58	40,308,400	533,626,000
08/13/2017	4.75	5.24	3.96	5.11	63,744,900	497,636,000
08/12/2017	4.51	6.21	4.23	4.67	144,769,000	471,783,000
08/11/2017	2.87	4.95	2.66	4.52	72,243,200	300,417,000
08/10/2017	2.14	3.11	2.09	2.81	36,245,500	223,846,000
08/09/2017	2.20	2.22	2.01	2.13	8,207,280	230,058,000
08/08/2017	2.06	2.25	1.98	2.21	11,213,800	215,386,000
08/07/2017	1.85	2.18	1.85	2.05	17,232,100	193,476,000
08/06/2017	2.14	2.53	1.81	1.81	22,959,900	224,227,000
08/05/2017	1.25	2.24	1.24	2.19	20,158,400	131,122,000
08/04/2017	1.01	1.28	1.01	1.27	6,686,840	105,903,000
08/03/2017	0.924940	1.02	0.901804	1.01	2,287,810	96,805,500
08/02/2017	0.943234	0.955962	0.885799	0.920336	1,214,640	98,720,100
08/01/2017	0.886312	0.976305	0.854581	0.948275	1,974,540	92,762,600
07/31/2017	0.891569	0.907447	0.849501	0.886032	927,682	93,312,800
07/30/2017	0.929032	0.935459	0.854507	0.887132	761,095	97,233,700
07/29/2017	0.897314	0.938536	0.823705	0.938536	821,267	93,914,000
07/28/2017	0.972636	0.980121	0.852598	0.894037	1,532,520	101,797,000
07/27/2017	0.974673	0.983180	0.927986	0.978920	1,375,970	102,011,000
07/26/2017	0.850463	0.983456	0.781206	0.959473	1,773,700	89,010,600
07/25/2017	1.07	1.18	0.838666	0.871150	3,183,140	111,822,000
07/24/2017	0.903438	1.24	0.899258	1.07	6,187,510	94,555,000
07/23/2017	0.819955	0.901496	0.753651	0.897774	1,372,810	85,817,500
07/22/2017	0.670530	0.838184	0.662383	0.818033	1,105,650	70,178,600
07/21/2017	0.704276	0.728768	0.648514	0.670482	941,278	73,710,400
07/20/2017	0.626300	0.731908	0.626300	0.700288	1,104,700	65,549,400
07/19/2017	0.708510	0.714312	0.608974	0.623537	892,973	74,153,500
07/18/2017	0.709172	0.764586	0.630566	0.699843	1,299,010	74,222,900
07/17/2017	0.568531	0.703468	0.535821	0.701529	1,064,690	59,503,200
07/16/2017	0.598683	0.611108	0.478733	0.569964	762,642	62,658,900
07/15/2017	0.675350	0.675350	0.600400	0.600680	658,322	70,683,000
07/14/2017	0.719424	0.727775	0.638826	0.676471	888,570	75,295,900
07/13/2017	0.800027	0.827761	0.700172	0.720255	1,315,660	83,731,800
07/12/2017	0.662536	0.798662	0.638905	0.790517	2,263,570	69,341,900
07/11/2017	0.699870	0.721873	0.508601	0.659714	2,728,010	73,249,300
07/10/2017	0.902474	0.905828	0.595964	0.705818	4,091,090	94,454,100
07/09/2017	1.11	1.11	0.871622	0.901177	5,116,090	116,174,000
07/08/2017	1.11	1.22	1.08	1.10	9,172,650	-
07/07/2017	73.06	73.06	1.05	1.10	17,115,200	-
07/06/2017	63.43	86.26	47.74	63.83	57,748	-
07/05/2017	53.52	79.88	49.05	63.42	81,559	-
07/04/2017	43.95	65.52	40.35	49.68	54,173	-
07/03/2017	28.13	42.84	23.13	42.66	54,180	-
07/02/2017	32.40	37.40	23.19	28.35	23,087	-
07/01/2017	39.41	39.41	23.27	32.37	47,037	-
06/30/2017	42.68	43.14	32.73	38.99	50,486	-
06/29/2017	22.03	50.34	17.81	42.63	98,292	-
06/28/2017	48.06	49.85	16.95	24.92	97,388	-
06/27/2017	25.22	51.96	23.46	47.80	303,595	-
