Date	Open	High	Low	Close	Volume	Market Cap
07/15/2018	0.039742	0.042158	0.039494	0.041565	507,615	17,028,500
07/14/2018	0.040805	0.040805	0.038884	0.039735	380,940	17,484,300
07/13/2018	0.039120	0.042512	0.039113	0.040828	666,284	16,762,100
07/12/2018	0.041045	0.041094	0.038311	0.038945	525,230	17,586,900
07/11/2018	0.041345	0.043442	0.039152	0.041128	1,158,270	17,715,500
07/10/2018	0.046628	0.046749	0.041152	0.041152	720,512	19,979,100
07/09/2018	0.048934	0.049122	0.045584	0.046653	774,894	20,967,400
07/08/2018	0.049175	0.050448	0.048706	0.049041	677,889	21,070,700
07/07/2018	0.047977	0.050612	0.046719	0.049079	759,182	20,557,400
07/06/2018	0.049184	0.049689	0.044161	0.048076	1,057,240	21,074,300
07/05/2018	0.052083	0.054313	0.048502	0.049107	971,866	22,316,500
07/04/2018	0.046842	0.055595	0.045995	0.052026	1,560,210	20,070,800
07/03/2018	0.047693	0.056318	0.046333	0.046662	2,327,900	20,435,400
07/02/2018	0.044034	0.049081	0.042705	0.048191	1,044,520	18,867,600
07/01/2018	0.040782	0.045764	0.040782	0.043789	1,151,690	17,474,500
06/30/2018	0.038624	0.043031	0.038624	0.040766	672,535	16,549,600
06/29/2018	0.038120	0.038786	0.035759	0.038623	520,777	16,333,900
06/28/2018	0.042129	0.042176	0.037945	0.038092	420,532	18,051,600
06/27/2018	0.042396	0.042426	0.040017	0.042107	484,990	18,165,700
06/26/2018	0.044966	0.045003	0.042383	0.042402	342,238	19,267,100
06/25/2018	0.046244	0.046830	0.042623	0.044922	831,874	19,814,700
06/24/2018	0.051605	0.051605	0.041479	0.046465	970,043	22,111,600
06/23/2018	0.046850	0.063039	0.046411	0.051551	3,084,030	20,074,300
06/22/2018	0.053107	0.053157	0.045799	0.046778	453,828	22,755,400
06/21/2018	0.053397	0.054012	0.052695	0.053100	420,449	22,879,400
06/20/2018	0.056531	0.056562	0.053092	0.053338	470,438	24,222,700
06/19/2018	0.056085	0.057226	0.055718	0.056539	453,510	24,031,400
06/18/2018	0.053286	0.056093	0.052049	0.055987	389,442	22,832,000
06/17/2018	0.052965	0.053504	0.052278	0.053330	353,511	22,694,300
06/16/2018	0.049644	0.053528	0.049432	0.052880	663,508	21,271,400
06/15/2018	0.052945	0.053054	0.049446	0.049764	608,607	22,685,800
06/14/2018	0.049063	0.055222	0.048925	0.052998	953,726	21,022,600
06/13/2018	0.052060	0.053091	0.047667	0.048935	841,751	22,306,700
06/12/2018	0.057070	0.057453	0.051838	0.052165	790,401	24,453,400
06/11/2018	0.058325	0.058485	0.055558	0.057123	670,455	24,991,300
06/10/2018	0.066222	0.066222	0.057640	0.058251	950,107	28,374,900
06/09/2018	0.070401	0.071167	0.066484	0.066484	830,300	30,165,500
06/08/2018	0.072917	0.073417	0.069888	0.070431	800,304	31,243,500
06/07/2018	0.071774	0.073184	0.071774	0.072856	696,576	30,753,600
06/06/2018	0.072723	0.073270	0.070735	0.071727	1,077,260	31,160,300
06/05/2018	0.074126	0.074503	0.069837	0.072668	1,146,470	31,761,400
06/04/2018	0.081870	0.082000	0.073334	0.074162	1,563,450	35,079,800
06/03/2018	0.083931	0.084737	0.081531	0.081760	1,535,450	35,962,800
06/02/2018	0.076607	0.086409	0.075935	0.084121	2,420,990	32,824,500
06/01/2018	0.075993	0.078441	0.074690	0.076517	1,375,660	32,561,400
05/31/2018	0.072948	0.078651	0.070848	0.075873	1,771,810	31,257,000
05/30/2018	0.071873	0.074450	0.070936	0.073158	1,331,780	30,796,400
05/29/2018	0.065684	0.072900	0.065554	0.071988	1,342,280	28,144,200
05/28/2018	0.073219	0.073909	0.065647	0.065647	1,413,250	31,373,100
05/27/2018	0.074980	0.075673	0.071991	0.073239	1,096,540	32,127,400
05/26/2018	0.077116	0.078589	0.075095	0.075260	891,691	33,042,600
05/25/2018	0.078143	0.080442	0.076093	0.077112	707,604	33,483,000
05/24/2018	0.076422	0.080342	0.073769	0.078089	950,747	32,745,600
05/23/2018	0.088849	0.089055	0.075886	0.076588	1,091,610	38,070,300
05/22/2018	0.096324	0.096618	0.088706	0.089092	648,247	41,273,100
05/21/2018	0.101166	0.101820	0.096257	0.096341	825,917	43,347,900
05/20/2018	0.098578	0.101518	0.097657	0.101207	794,870	42,238,700
05/19/2018	0.098324	0.100010	0.096628	0.098755	1,252,070	42,130,000
05/18/2018	0.095615	0.098423	0.093536	0.098324	946,400	40,969,200
05/17/2018	0.103027	0.106182	0.095254	0.095589	1,300,930	44,145,000
05/16/2018	0.106368	0.106783	0.099363	0.103092	1,307,070	45,576,800
05/15/2018	0.116369	0.125029	0.104971	0.106265	3,731,060	49,862,000
05/14/2018	0.107293	0.125048	0.097601	0.116441	4,193,220	45,973,000
05/13/2018	0.096804	0.108409	0.095080	0.107379	1,364,770	41,478,700
05/12/2018	0.095183	0.097703	0.088299	0.096592	1,376,180	40,784,300
05/11/2018	0.109949	0.109949	0.091352	0.095376	2,390,250	47,111,000
05/10/2018	0.117937	0.121731	0.110763	0.110763	1,874,360	50,534,000
05/09/2018	0.123152	0.123579	0.111666	0.117958	2,620,920	52,768,500
05/08/2018	0.128892	0.131056	0.118435	0.123770	2,353,610	55,227,800
05/07/2018	0.130837	0.132763	0.119119	0.128632	2,692,250	56,061,100
05/06/2018	0.138409	0.140962	0.125253	0.130517	2,381,520	59,305,800
05/05/2018	0.135306	0.139837	0.134120	0.138115	2,225,300	57,976,100
05/04/2018	0.137107	0.138835	0.131109	0.135525	2,807,070	58,747,600
05/03/2018	0.141606	0.144245	0.136474	0.137613	3,376,780	60,675,400
05/02/2018	0.138444	0.142980	0.137263	0.141458	2,507,320	59,320,700
05/01/2018	0.141905	0.141905	0.132357	0.138340	2,838,190	60,803,600
04/30/2018	0.143896	0.155042	0.140360	0.141419	8,297,550	61,656,600
04/29/2018	0.124958	0.144510	0.124958	0.143877	6,078,200	53,542,100
04/28/2018	0.118189	0.128133	0.117946	0.125085	2,375,600	50,641,700
04/27/2018	0.117944	0.130558	0.114428	0.119421	5,653,340	50,536,900
04/26/2018	0.104132	0.118433	0.102037	0.118157	3,359,980	44,618,400
04/25/2018	0.132600	0.132600	0.101005	0.103594	5,432,450	56,816,500
04/24/2018	0.119644	0.133537	0.119182	0.133261	5,791,260	51,265,300
04/23/2018	0.115632	0.123015	0.115632	0.119583	5,123,300	49,546,000
04/22/2018	0.108348	0.125894	0.106272	0.115780	7,245,010	46,425,000
04/21/2018	0.114209	0.114891	0.103446	0.108344	4,538,550	48,936,600
04/20/2018	0.112109	0.116883	0.109354	0.114391	5,379,890	48,036,700
04/19/2018	0.104416	0.112469	0.102324	0.112288	6,564,920	44,740,300
04/18/2018	0.096826	0.105292	0.096691	0.104435	5,007,550	41,488,300
04/17/2018	0.099245	0.101238	0.096587	0.096789	4,976,350	42,524,800
04/16/2018	0.109953	0.110384	0.096803	0.099710	6,124,490	47,112,700
04/15/2018	0.119985	0.122203	0.107389	0.109947	14,396,400	51,411,100
04/14/2018	0.083317	0.137362	0.082627	0.120381	29,707,600	35,699,900
04/13/2018	0.088274	0.089556	0.082420	0.083475	4,077,640	37,823,800
04/12/2018	0.072205	0.088503	0.069004	0.088236	5,093,770	30,938,600
04/11/2018	0.069770	0.072444	0.068798	0.072444	3,011,790	29,895,000
04/10/2018	0.067602	0.070205	0.065818	0.069642	2,995,970	28,966,000
04/09/2018	0.071214	0.072981	0.066374	0.067526	2,783,300	30,514,000
04/08/2018	0.069156	0.072373	0.069134	0.071054	3,477,990	29,632,000
04/07/2018	0.068758	0.071789	0.068009	0.069226	4,360,720	29,461,500
04/06/2018	0.067580	0.071375	0.064392	0.068791	4,361,980	28,956,800
04/05/2018	0.067921	0.071180	0.065501	0.067792	4,530,430	29,102,700
04/04/2018	0.075063	0.075063	0.066182	0.068020	4,439,750	32,162,900
04/03/2018	0.072504	0.077871	0.072376	0.074908	4,703,260	31,066,600
04/02/2018	0.070191	0.074585	0.069555	0.072404	4,524,090	30,075,600
04/01/2018	0.077293	0.078629	0.065870	0.070000	4,649,900	33,118,400
03/31/2018	0.073336	0.085540	0.073336	0.076999	6,881,810	31,423,100
03/30/2018	0.072745	0.076920	0.068402	0.073492	4,590,940	31,169,700
03/29/2018	0.086475	0.093259	0.070893	0.073084	5,873,040	37,053,000
03/28/2018	0.082252	0.092716	0.078151	0.086382	7,155,310	35,243,500
03/27/2018	0.086910	0.088272	0.076415	0.082228	5,896,070	37,239,400
03/26/2018	0.105474	0.108724	0.078000	0.086904	9,856,670	45,193,500
03/25/2018	0.075740	0.118254	0.075639	0.105818	23,072,800	32,452,900
03/24/2018	0.074331	0.083885	0.074139	0.076841	6,116,280	31,849,300
03/23/2018	0.071273	0.074214	0.066587	0.073504	4,985,620	30,539,000
03/22/2018	0.074241	0.076463	0.067958	0.071172	3,630,080	31,810,800
03/21/2018	0.071501	0.076583	0.070309	0.074845	4,130,670	30,637,000
03/20/2018	0.065360	0.076117	0.063892	0.071274	3,940,460	28,005,600
03/19/2018	0.059899	0.065208	0.059322	0.064842	3,115,560	25,665,700
03/18/2018	0.063372	0.063409	0.050016	0.060118	3,465,850	27,153,700
03/17/2018	0.069475	0.070189	0.062976	0.063530	3,123,700	29,768,900
03/16/2018	0.069970	0.071584	0.066581	0.069593	3,557,330	29,980,800
03/15/2018	0.071601	0.074300	0.064005	0.070051	3,790,690	30,679,600
03/14/2018	0.093020	0.094506	0.069081	0.071909	6,469,390	39,857,400
03/13/2018	0.072909	0.100241	0.071979	0.091926	8,274,200	31,240,000
03/12/2018	0.076935	0.079208	0.071452	0.073212	2,138,170	32,965,000
03/11/2018	0.072219	0.078346	0.069169	0.076886	1,298,250	30,944,500
03/10/2018	0.077035	0.079126	0.072275	0.072287	1,253,750	33,007,900
03/09/2018	0.077489	0.077745	0.064891	0.076815	1,597,890	33,202,500
03/08/2018	0.083351	0.084857	0.076366	0.077775	1,686,370	35,714,300
03/07/2018	0.099398	0.099760	0.080614	0.083407	2,217,930	42,590,000
03/06/2018	0.110511	0.112060	0.099012	0.099623	2,059,070	47,351,900
03/05/2018	0.108471	0.117065	0.107749	0.110303	2,348,760	46,477,800
03/04/2018	0.111911	0.112084	0.103905	0.108678	1,925,680	47,951,600
03/03/2018	0.114917	0.117523	0.109729	0.111811	2,181,920	49,239,600
03/02/2018	0.118308	0.119582	0.113427	0.114999	2,120,900	50,692,800
03/01/2018	0.108434	0.122285	0.107435	0.118191	2,711,420	46,462,000
02/28/2018	0.127490	0.127490	0.108655	0.108655	2,248,680	54,627,000
02/27/2018	0.129810	0.131055	0.122541	0.127718	2,532,830	55,621,000
02/26/2018	0.128422	0.131915	0.124228	0.129564	2,029,420	55,026,200
02/25/2018	0.126573	0.130586	0.123081	0.128363	2,269,080	54,234,200
02/24/2018	0.134821	0.138092	0.123470	0.126786	2,065,660	57,768,100
02/23/2018	0.129810	0.141719	0.124241	0.135135	3,859,700	55,621,000
02/22/2018	0.129290	0.144701	0.120090	0.129649	5,749,650	55,398,500
02/21/2018	0.140217	0.144682	0.125368	0.129190	2,791,730	60,080,500
02/20/2018	0.158891	0.161241	0.139672	0.140108	3,119,250	68,081,700
02/19/2018	0.154215	0.161911	0.153059	0.158675	2,965,220	66,078,100
02/18/2018	0.176024	0.176689	0.150948	0.154767	3,069,350	75,422,800
02/17/2018	0.164378	0.175883	0.162815	0.175194	3,370,420	70,432,800
02/16/2018	0.161148	0.165757	0.153902	0.164383	2,834,190	69,049,100
02/15/2018	0.149788	0.164409	0.148718	0.162214	3,219,800	64,181,300
02/14/2018	0.145966	0.153469	0.144673	0.149783	3,538,780	62,543,800
02/13/2018	0.150098	0.153376	0.142347	0.146886	4,348,180	64,314,300
02/12/2018	0.134635	0.153328	0.134635	0.149281	4,510,890	57,688,800
02/11/2018	0.146832	0.146832	0.124534	0.134342	3,172,330	62,914,900
02/10/2018	0.146564	0.162400	0.138981	0.147306	6,303,600	62,800,000
02/09/2018	0.130678	0.148712	0.123248	0.146772	3,436,610	55,993,000
02/08/2018	0.119699	0.133904	0.119699	0.130325	4,884,910	51,288,900
02/07/2018	0.125859	0.139140	0.110105	0.119831	6,675,210	53,928,000
02/06/2018	0.107778	0.128240	0.084813	0.126096	5,911,170	46,180,700
02/05/2018	0.142414	0.144859	0.096708	0.106787	5,747,520	61,021,900
02/04/2018	0.170341	0.182082	0.138664	0.143775	8,739,250	72,988,000
02/03/2018	0.150328	0.182982	0.138343	0.170412	8,891,840	64,412,600
02/02/2018	0.157418	0.164888	0.117987	0.149690	6,000,030	67,450,500
02/01/2018	0.201864	0.214871	0.148396	0.157641	11,638,200	86,495,100
01/31/2018	0.196854	0.210789	0.184071	0.201106	13,148,000	84,348,300
01/30/2018	0.241991	0.242601	0.196142	0.196396	9,240,150	103,689,000
01/29/2018	0.268831	0.271648	0.237332	0.242038	11,432,600	115,189,000
01/28/2018	0.276975	0.317156	0.258843	0.268709	23,897,600	118,678,000
01/27/2018	0.259280	0.326900	0.245285	0.273658	29,475,400	111,096,000
01/26/2018	0.268973	0.284283	0.236571	0.259157	12,982,900	115,250,000
01/25/2018	0.274157	0.308216	0.268340	0.270573	21,902,400	117,471,000
01/24/2018	0.379671	0.380647	0.268910	0.268910	54,397,000	162,682,000
01/23/2018	0.239278	0.415817	0.239278	0.390512	148,395,000	102,526,000
01/22/2018	0.190140	0.269248	0.189087	0.239435	34,444,200	81,471,300
01/21/2018	0.229982	0.230479	0.183777	0.188336	3,925,910	98,543,200
01/20/2018	0.216437	0.251087	0.215589	0.229521	4,777,450	92,739,100
01/19/2018	0.180251	0.231524	0.177149	0.213530	7,834,650	77,234,200
01/18/2018	0.186979	0.204899	0.172262	0.181834	7,581,600	80,116,800
01/17/2018	0.189706	0.203570	0.132210	0.183461	9,105,300	81,285,300
01/16/2018	0.281217	0.281217	0.154055	0.193784	21,714,200	120,496,000
01/15/2018	0.229639	0.300826	0.221953	0.275917	15,038,200	98,396,100
01/14/2018	0.269458	0.271933	0.218880	0.232387	8,546,190	115,458,000
01/13/2018	0.314879	0.314879	0.263216	0.269724	13,319,300	134,920,000
01/12/2018	0.250073	0.332222	0.238440	0.332222	12,152,300	107,151,000
01/11/2018	0.323615	0.332036	0.236103	0.248209	11,368,000	138,663,000
01/10/2018	0.355217	0.366727	0.282216	0.321440	11,938,300	152,204,000
01/09/2018	0.347974	0.404838	0.320359	0.351833	14,715,900	149,100,000
01/08/2018	0.372702	0.445170	0.269808	0.351643	22,209,800	159,696,000
01/07/2018	0.356127	0.384061	0.331542	0.370888	17,093,900	152,594,000
01/06/2018	0.274198	0.392538	0.269011	0.354348	13,333,900	117,489,000
01/05/2018	0.319474	0.339066	0.263411	0.271445	13,703,900	136,889,000
01/04/2018	0.295116	0.340845	0.280247	0.323707	16,026,300	126,451,000
01/03/2018	0.277828	0.333626	0.247796	0.296271	12,548,400	119,044,000
01/02/2018	0.253656	0.315900	0.228242	0.271652	14,328,900	108,687,000
01/01/2018	0.206839	0.291994	0.193797	0.255104	14,019,100	88,626,700
12/31/2017	0.195289	0.224995	0.179601	0.206955	7,185,930	83,677,600
12/30/2017	0.154620	0.224918	0.139255	0.199286	12,864,600	66,251,800
12/29/2017	0.138883	0.158686	0.132680	0.154911	3,802,220	59,508,900
12/28/2017	0.152139	0.157344	0.123521	0.138137	3,200,440	65,188,800
12/27/2017	0.145323	0.156486	0.136559	0.152339	2,965,660	62,268,100
12/26/2017	0.161807	0.167455	0.136562	0.146377	4,258,750	69,331,200
12/25/2017	0.121711	0.169559	0.119865	0.162086	5,416,110	52,151,000
12/24/2017	0.131444	0.131444	0.107945	0.120819	2,663,100	56,321,200
12/23/2017	0.114788	0.150013	0.112386	0.130158	3,208,660	49,184,500
12/22/2017	0.141576	0.143749	0.084585	0.114833	3,552,210	60,662,600
12/21/2017	0.146505	0.181495	0.133903	0.140504	5,067,300	62,774,500
12/20/2017	0.151047	0.159014	0.132816	0.145746	4,015,450	64,699,500
12/19/2017	0.167884	0.170982	0.135179	0.151762	5,231,890	71,911,800
12/18/2017	0.139002	0.179556	0.123375	0.168033	10,015,400	58,730,200
12/17/2017	0.116722	0.174247	0.116381	0.138111	10,716,900	49,316,700
12/16/2017	0.110824	0.119145	0.102640	0.116721	12,097,800	46,824,800
12/15/2017	0.097823	0.115140	0.079528	0.110500	11,048,300	41,331,600
12/14/2017	0.084703	0.099937	0.081255	0.096817	10,142,200	35,788,100
12/13/2017	0.082276	0.097370	0.077460	0.084718	7,959,820	34,762,900
12/12/2017	0.086022	0.086770	0.077816	0.083080	8,088,380	36,345,400
12/11/2017	0.080827	0.089145	0.078030	0.086158	6,978,010	34,150,700
12/10/2017	0.095465	0.096049	0.076935	0.079313	7,421,220	40,335,500
12/09/2017	0.080605	0.112188	0.080411	0.096192	10,512,700	34,056,900
12/08/2017	0.082860	0.083851	0.065402	0.080709	7,548,520	35,009,400
12/07/2017	0.086230	0.089731	0.076469	0.082160	7,993,880	36,433,500
12/06/2017	0.096578	0.098820	0.083305	0.085641	7,530,710	40,805,700
12/05/2017	0.083718	0.115401	0.083208	0.095478	11,443,000	35,372,100
12/04/2017	0.079233	0.083904	0.077025	0.083904	5,822,130	33,477,200
12/03/2017	0.076341	0.087092	0.075091	0.079273	5,196,200	32,254,900
12/02/2017	0.078525	0.086879	0.074700	0.076365	5,635,500	33,177,900
12/01/2017	0.074873	0.080224	0.072181	0.078661	14,057,800	31,634,900
11/30/2017	0.075250	0.081626	0.066297	0.074984	12,289,700	31,794,100
11/29/2017	0.088769	0.093564	0.071957	0.074156	11,986,900	37,506,200
11/28/2017	0.090505	0.097185	0.085873	0.088816	13,611,900	38,239,800
11/27/2017	0.101043	0.101043	0.084724	0.089983	12,002,000	42,691,900
11/26/2017	0.084633	0.107767	0.083832	0.101627	10,011,400	35,758,600
11/25/2017	0.084117	0.087503	0.080404	0.084490	3,298,160	35,540,400
11/24/2017	0.091966	0.093411	0.080256	0.084200	7,230,110	38,856,700
11/23/2017	0.090291	0.120731	0.089540	0.092381	25,364,800	38,149,300
11/22/2017	0.047265	0.095194	0.047253	0.090601	4,825,050	19,970,000
11/21/2017	0.049048	0.049048	0.046624	0.047225	303,940	20,723,600
11/20/2017	0.048449	0.052149	0.048191	0.048937	274,749	20,470,200
11/19/2017	0.051475	0.053097	0.047011	0.048479	268,309	21,749,000
11/18/2017	0.049935	0.052883	0.048864	0.051486	282,885	21,098,300
11/17/2017	0.053446	0.053814	0.049366	0.050007	326,041	22,581,700
11/16/2017	0.049164	0.053996	0.047718	0.053498	295,120	20,772,500
11/15/2017	0.051569	0.051983	0.047705	0.049087	269,943	21,788,600
11/14/2017	0.050598	0.053728	0.046951	0.051507	276,832	21,378,200
11/13/2017	0.051682	0.053822	0.049681	0.050466	162,523	21,836,500
11/12/2017	0.055132	0.055210	0.049255	0.051631	186,118	23,294,100
11/11/2017	0.056196	0.059040	0.054634	0.055309	250,000	23,743,700
11/10/2017	0.064368	0.065097	0.055922	0.056309	249,755	27,196,200
11/09/2017	0.067172	0.069279	0.062711	0.064074	508,808	28,381,200
11/08/2017	0.064640	0.069281	0.058865	0.067496	267,148	27,311,100
11/07/2017	0.056456	0.066520	0.056455	0.064704	251,808	23,853,600
11/06/2017	0.055930	0.059325	0.055626	0.056291	303,813	23,631,000
11/05/2017	0.055941	0.057540	0.051824	0.055895	305,323	23,635,800
11/04/2017	0.052650	0.058220	0.052523	0.055752	241,355	22,245,400
11/03/2017	0.051627	0.055353	0.051598	0.052652	354,696	21,813,000
11/02/2017	0.051160	0.052363	0.049497	0.051535	307,466	21,616,000
11/01/2017	0.051862	0.054951	0.050612	0.051107	293,757	21,912,500
10/31/2017	0.053667	0.053885	0.051170	0.051910	276,036	22,675,000
10/30/2017	0.056480	0.057162	0.052356	0.053674	274,539	23,863,500
10/29/2017	0.058358	0.059998	0.055892	0.056511	337,280	24,657,000
10/28/2017	0.055726	0.061255	0.055726	0.058378	312,927	23,544,900
10/27/2017	0.054655	0.056292	0.052439	0.055684	266,450	23,092,300
10/26/2017	0.049349	0.061678	0.047895	0.054523	417,268	20,850,800
10/25/2017	0.046404	0.049600	0.045648	0.049143	235,522	19,606,200
10/24/2017	0.044999	0.054132	0.044019	0.046389	357,769	19,012,800
10/23/2017	0.047284	0.047299	0.042977	0.045038	276,242	19,978,000
10/22/2017	0.045640	0.050616	0.044661	0.047318	357,441	19,283,600
10/21/2017	0.049540	0.049733	0.045062	0.045578	372,785	20,931,200
10/20/2017	0.051894	0.053205	0.048843	0.049656	250,723	21,926,000
10/19/2017	0.054479	0.054928	0.051290	0.052024	276,889	23,018,100
10/18/2017	0.052749	0.056422	0.051631	0.054534	220,224	22,287,200
10/17/2017	0.054494	0.054513	0.051639	0.052760	319,052	23,024,300
10/16/2017	0.054996	0.056405	0.053444	0.054447	244,521	23,236,600
10/15/2017	0.056488	0.056935	0.053895	0.055054	261,975	23,866,900
10/14/2017	0.055026	0.061238	0.052854	0.056480	288,636	23,249,100
10/13/2017	0.057783	0.061969	0.053600	0.054942	343,801	24,414,100
10/12/2017	0.058860	0.069367	0.056105	0.057831	298,303	24,869,100
10/11/2017	0.057517	0.062397	0.057463	0.058684	303,406	24,301,800
10/10/2017	0.053020	0.061048	0.052440	0.057465	344,480	22,401,600
10/09/2017	0.064703	0.064802	0.052616	0.053884	440,279	27,338,100
10/08/2017	0.072026	0.072845	0.063844	0.064773	531,630	30,432,000
10/07/2017	0.073559	0.076788	0.071246	0.072207	414,938	31,079,800
10/06/2017	0.076426	0.077336	0.072845	0.073543	386,219	32,291,000
10/05/2017	0.075123	0.077797	0.072634	0.076482	521,424	31,740,600
10/04/2017	0.078084	0.079578	0.073374	0.074665	626,961	32,991,600
10/03/2017	0.078057	0.083086	0.075821	0.077366	620,283	32,980,200
10/02/2017	0.083642	0.085587	0.078557	0.078557	535,584	35,340,100
10/01/2017	0.085729	0.088254	0.083034	0.084068	656,043	36,221,900
09/30/2017	0.082756	0.088742	0.081624	0.086188	585,885	34,965,500
09/29/2017	0.092306	0.093393	0.080905	0.082752	404,920	39,000,400
09/28/2017	0.097253	0.097439	0.088498	0.092083	631,078	41,090,600
09/27/2017	0.084498	0.100578	0.083818	0.097276	707,044	35,701,400
09/26/2017	0.079750	0.106170	0.076648	0.084625	650,145	33,695,500
09/25/2017	0.090214	0.090220	0.070643	0.079137	1,135,590	38,116,600
09/24/2017	0.094799	0.102191	0.089503	0.089503	1,146,560	40,054,000
09/23/2017	0.095918	0.103014	0.094066	0.095471	969,271	40,526,700
09/22/2017	0.097410	0.098824	0.093449	0.096616	1,118,690	41,157,200
09/21/2017	0.098091	0.105414	0.094908	0.096635	1,161,540	41,444,800
09/20/2017	0.097603	0.102170	0.094098	0.099048	1,156,930	41,238,600
09/19/2017	0.105627	0.148735	0.094444	0.097450	1,387,650	44,629,100
09/18/2017	0.103811	0.117132	0.102224	0.105156	1,177,010	43,861,700
09/17/2017	0.117516	0.119724	0.102388	0.103925	950,560	49,651,900
09/16/2017	0.125558	0.140438	0.108122	0.117094	1,509,900	53,050,100
09/15/2017	0.110962	0.128953	0.089057	0.124125	1,227,720	46,883,000
09/14/2017	0.144005	0.155121	0.103648	0.110875	1,007,460	60,844,100
09/13/2017	0.155798	0.171337	0.135580	0.144117	2,048,460	65,825,500
09/12/2017	0.116956	0.154439	0.116956	0.153554	2,127,140	49,414,700
09/11/2017	0.117761	0.123178	0.111449	0.116340	900,860	49,754,900
09/10/2017	0.124145	0.126815	0.109938	0.117677	808,065	44,673,700
09/09/2017	0.117751	0.124912	0.110385	0.123816	1,143,130	42,360,900
09/08/2017	0.150592	0.150646	0.109124	0.117074	1,316,520	54,130,400
09/07/2017	0.128873	0.159608	0.127765	0.150750	1,426,240	46,323,300
09/06/2017	0.120585	0.128761	0.119452	0.128119	1,417,820	44,061,800
09/05/2017	0.121360	0.141210	0.104962	0.122829	1,207,500	42,476,100
09/04/2017	0.165383	0.167805	0.105257	0.123492	1,808,250	57,884,000
09/03/2017	0.160802	0.187306	0.151012	0.165720	1,962,340	56,280,900
09/02/2017	0.193645	0.193645	0.149547	0.158348	1,845,180	67,775,600
09/01/2017	0.212660	0.232156	0.181456	0.194102	2,189,470	74,430,900
08/31/2017	0.228832	0.237525	0.211155	0.211936	2,285,170	80,091,200
08/30/2017	0.201696	0.237007	0.176968	0.230057	2,834,140	70,593,700
08/29/2017	0.240906	0.286475	0.189512	0.203106	4,604,530	84,317,200
08/28/2017	0.233488	0.247290	0.213929	0.240774	1,571,580	81,720,800
08/27/2017	0.205215	0.233260	0.204623	0.233260	1,142,210	71,825,400
