Date	Open	High	Low	Close	Volume	Market Cap
7/4/2018	2.64	2.81	2.59	2.67	50,224,600	1,459,960,000
7/3/2018	2.75	2.88	2.64	2.65	60,876,700	1,519,330,000
7/2/2018	2.6	2.79	2.53	2.75	58,935,100	1,434,260,000
7/1/2018	2.63	2.68	2.55	2.61	53,995,900	1,451,250,000
6/30/2018	2.58	2.7	2.58	2.63	58,833,100	1,423,110,000
6/29/2018	2.38	2.61	2.36	2.57	54,110,900	1,303,460,000
6/28/2018	2.64	2.66	2.36	2.38	49,549,300	1,447,120,000
6/27/2018	2.5	2.66	2.47	2.64	51,586,300	1,367,760,000
6/26/2018	2.73	2.74	2.5	2.5	47,599,600	1,492,580,000
6/25/2018	2.46	2.75	2.46	2.72	57,362,200	1,348,250,000
6/24/2018	2.79	2.8	2.25	2.47	41,860,900	1,528,730,000
6/23/2018	2.78	2.87	2.73	2.79	48,128,100	1,520,200,000
6/22/2018	3.17	3.19	2.7	2.77	59,502,500	1,734,610,000
6/21/2018	3.15	3.23	3.14	3.16	58,908,500	1,726,490,000
6/20/2018	3.2	3.21	3.04	3.15	59,178,400	1,750,320,000
6/19/2018	3.19	3.31	3.16	3.19	71,522,500	1,744,680,000
6/18/2018	3.02	3.23	2.97	3.18	104,730,000	1,653,860,000
6/17/2018	2.95	3.16	2.95	3.02	107,061,000	1,617,760,000
6/16/2018	2.86	2.97	2.84	2.95	94,962,200	1,564,660,000
6/15/2018	3	3.03	2.84	2.86	94,385,600	1,641,520,000
6/14/2018	2.83	3.06	2.73	3.01	104,102,000	1,547,170,000
6/13/2018	3.06	3.07	2.68	2.82	83,544,200	1,671,770,000
6/12/2018	3.41	3.41	3.03	3.04	107,346,000	1,867,040,000
6/11/2018	3.38	3.42	3.1	3.41	109,577,000	1,846,720,000
6/10/2018	3.88	3.88	3.26	3.37	123,682,000	2,122,510,000
6/9/2018	4.03	4.06	3.87	3.87	122,246,000	2,127,710,000
6/8/2018	4.12	4.17	3.71	4.02	108,121,000	2,167,770,000
6/7/2018	4.22	4.27	4.05	4.14	126,478,000	2,219,540,000
6/6/2018	4.1	4.88	3.99	4.14	120,559,000	2,154,240,000
6/5/2018	3.89	4.15	3.8	4.09	83,761,900	2,047,090,000
6/4/2018	4.06	4.17	3.83	3.89	92,839,700	2,135,810,000
6/3/2018	3.7	4.09	3.62	4.09	93,253,300	1,944,660,000
6/2/2018	3.44	3.79	3.41	3.71	71,906,000	1,811,970,000
6/1/2018	3.46	3.47	3.35	3.45	65,178,200	1,818,470,000
5/31/2018	3.38	3.53	3.32	3.46	67,932,800	1,779,050,000
5/30/2018	3.49	3.57	3.25	3.38	64,795,600	1,837,910,000
5/29/2018	3.13	3.52	3.04	3.49	58,926,800	1,645,200,000
5/28/2018	3.48	3.55	3.09	3.1	59,873,300	1,829,970,000
5/27/2018	3.55	3.55	3.43	3.48	59,583,000	1,865,260,000
5/26/2018	3.59	3.69	3.49	3.54	59,082,100	1,886,380,000
5/25/2018	3.79	3.81	3.51	3.6	65,838,800	1,993,410,000
5/24/2018	3.51	3.79	3.4	3.77	66,549,500	1,847,660,000
5/23/2018	3.96	4.05	3.44	3.53	74,198,700	2,083,480,000
5/22/2018	4.4	4.46	3.95	3.97	72,272,500	2,316,940,000
5/21/2018	4.51	4.59	4.32	4.45	83,557,500	2,369,990,000
5/20/2018	4.31	4.56	4.26	4.49	79,209,700	2,266,350,000
5/19/2018	4.41	4.47	4.27	4.31	74,143,300	2,317,960,000
5/18/2018	4.11	4.57	4.02	4.41	90,050,400	2,160,980,000
5/17/2018	4.6	4.73	4.08	4.1	87,684,600	2,420,440,000
5/16/2018	4.72	4.78	4.42	4.58	95,043,600	2,483,440,000
5/15/2018	5.12	5.22	4.71	4.77	113,053,000	2,695,790,000
5/14/2018	4.81	5.2	4.49	5.09	74,510,000	2,531,440,000
5/13/2018	4.55	4.88	4.47	4.83	17,677,500	2,392,750,000
5/12/2018	4.49	4.75	4.12	4.55	74,892,400	2,359,820,000
5/11/2018	4.95	5.14	4.39	4.49	105,908,000	2,605,550,000
5/10/2018	4.98	5.46	4.96	4.97	134,028,000	2,618,840,000
5/9/2018	4.94	5.16	4.71	4.98	97,860,800	2,600,240,000
5/8/2018	5.01	5.33	4.72	4.96	106,443,000	2,634,980,000
5/7/2018	5.03	5.09	4.61	5	107,502,000	2,646,480,000
5/6/2018	5.21	5.21	4.86	5.04	108,668,000	2,738,950,000
5/5/2018	5.46	5.57	5.19	5.22	123,852,000	2,871,310,000
5/4/2018	5.21	5.63	5	5.4	146,054,000	2,741,300,000
5/3/2018	4.85	5.42	4.83	5.17	139,458,000	2,548,440,000
5/2/2018	4.59	4.99	4.53	4.83	133,091,000	2,411,040,000
5/1/2018	4.54	4.65	4.22	4.62	93,554,800	2,385,080,000
4/30/2018	4.83	4.83	4.37	4.49	109,782,000	2,539,730,000
4/29/2018	4.32	4.91	4.24	4.85	157,172,000	2,272,690,000
4/28/2018	3.78	4.41	3.77	4.32	106,661,000	1,989,630,000
4/27/2018	3.98	4.03	3.65	3.77	76,432,500	2,089,990,000
4/26/2018	3.63	3.98	3.5	3.98	84,318,100	1,908,670,000
4/25/2018	4.14	4.18	3.56	3.62	82,778,500	2,177,050,000
4/24/2018	3.89	4.19	3.89	4.17	107,471,000	2,047,260,000
4/23/2018	3.83	3.95	3.81	3.88	83,179,700	2,013,340,000
4/22/2018	3.86	3.98	3.77	3.83	85,951,500	2,027,700,000
4/21/2018	3.95	3.96	3.59	3.84	80,985,400	2,076,050,000
4/20/2018	3.73	3.96	3.63	3.93	89,724,600	1,963,740,000
4/19/2018	3.57	3.73	3.52	3.71	83,805,600	1,876,030,000
4/18/2018	3.31	3.61	3.28	3.58	83,240,100	1,740,900,000
4/17/2018	3.34	3.45	3.29	3.3	68,839,900	1,757,430,000
4/16/2018	3.55	3.59	3.25	3.35	78,060,300	1,868,500,000
4/15/2018	3.29	3.56	3.29	3.56	80,133,900	1,731,210,000
4/14/2018	3.29	3.37	3.06	3.29	69,780,200	1,725,080,000
4/13/2018	3.32	3.5	3.16	3.27	74,513,600	1,744,180,000
4/12/2018	2.76	3.34	2.75	3.34	93,227,000	1,450,930,000
4/11/2018	2.7	2.83	2.7	2.78	71,380,800	1,417,660,000
4/10/2018	2.56	2.72	2.53	2.69	65,408,600	1,343,500,000
4/9/2018	2.53	2.68	2.42	2.55	65,203,800	1,327,190,000
4/8/2018	2.51	2.62	2.47	2.52	49,740,300	1,316,370,000
4/7/2018	2.35	2.67	2.34	2.5	54,970,100	1,234,670,000
4/6/2018	2.42	2.46	2.29	2.34	46,839,600	1,270,430,000
4/5/2018	2.42	2.48	2.3	2.43	46,373,900	1,271,540,000
4/4/2018	2.91	2.91	2.4	2.42	65,268,200	1,525,660,000
4/3/2018	2.73	3.11	2.68	2.9	89,353,000	1,427,910,000
4/2/2018	2.24	2.98	2.2	2.72	107,438,000	1,173,380,000
4/1/2018	2.38	2.47	2	2.23	42,424,100	1,243,010,000
3/31/2018	2.34	2.52	2.29	2.38	44,233,500	1,225,650,000
3/30/2018	2.41	2.57	2.2	2.34	50,087,200	1,262,580,000
3/29/2018	2.92	2.98	2.38	2.42	51,073,900	1,522,140,000
3/28/2018	2.95	3.05	2.87	2.92	53,936,700	1,535,320,000
3/27/2018	3.19	3.2	2.93	2.95	52,477,200	1,657,100,000
3/26/2018	3.35	3.46	3	3.2	59,767,500	1,740,010,000
3/25/2018	3.29	3.52	3.21	3.35	61,590,900	1,708,630,000
3/24/2018	3.42	3.6	3.33	3.35	64,780,900	1,769,900,000
3/23/2018	3.53	3.53	3.2	3.37	55,475,600	1,819,370,000
3/22/2018	3.67	3.8	3.31	3.52	64,977,500	1,891,070,000
3/21/2018	3.73	3.89	3.58	3.67	73,672,800	1,935,360,000
3/20/2018	3.8	3.89	3.47	3.7	85,168,900	1,943,940,000
3/19/2018	3.68	3.89	3.55	3.76	79,043,900	1,863,440,000
3/18/2018	3.71	3.76	2.95	3.71	84,708,700	1,857,460,000
3/17/2018	3.91	4.07	3.56	3.69	74,617,800	1,943,650,000
3/16/2018	3.78	4.06	3.61	3.9	76,375,000	1,867,640,000
3/15/2018	3.82	3.97	3.42	3.78	82,232,600	1,873,350,000
3/14/2018	4.31	4.59	3.79	3.85	96,115,800	2,102,300,000
3/13/2018	4	4.38	3.96	4.27	112,069,000	1,953,490,000
3/12/2018	3.87	4.26	3.75	4.02	118,397,000	1,878,560,000
3/11/2018	3.47	3.93	3.32	3.88	68,766,600	1,672,220,000
3/10/2018	3.71	3.89	3.45	3.5	65,018,300	1,786,280,000
3/9/2018	3.7	3.74	3.11	3.71	83,895,100	1,770,700,000
3/8/2018	4.09	4.23	3.56	3.72	74,630,900	1,952,560,000
3/7/2018	4.76	4.91	3.74	4.1	91,903,400	2,264,240,000
3/6/2018	4.71	5.11	4.24	4.78	108,928,000	2,239,750,000
3/5/2018	4.56	4.81	4.56	4.69	43,447,100	2,167,770,000
3/4/2018	4.42	4.86	4.39	4.56	59,067,800	2,100,760,000
3/3/2018	4.5	4.71	4.36	4.44	57,747,400	2,141,270,000
3/2/2018	4.95	5.03	4.5	4.51	61,330,700	2,347,490,000
3/1/2018	4.54	5.32	4.51	4.95	79,097,200	2,157,860,000
2/28/2018	5.23	5.55	4.54	4.54	73,839,500	2,485,090,000
2/27/2018	5.58	5.69	5.16	5.23	80,397,100	2,653,660,000
2/26/2018	5.85	5.85	5.28	5.6	144,727,000	2,786,080,000
2/25/2018	5.57	5.94	5.42	5.87	67,857,100	2,656,900,000
2/24/2018	5.96	6.2	5.39	5.56	62,538,800	2,843,850,000
2/23/2018	5.46	6.2	5.25	5.99	74,050,200	2,613,700,000
2/22/2018	5.93	6.33	5.32	5.47	75,031,300	2,835,810,000
2/21/2018	6.23	6.49	5.69	5.95	83,844,800	2,955,150,000
2/20/2018	6.49	7.17	6.19	6.24	156,506,000	3,080,770,000
2/19/2018	5.34	6.49	5.33	6.46	97,820,400	2,535,610,000
2/18/2018	6	6.01	5.27	5.35	49,595,600	2,820,900,000
2/17/2018	5.73	6.08	5.64	5.99	64,632,700	2,687,850,000
2/16/2018	5.96	6.06	5.45	5.69	83,310,300	2,804,650,000
2/15/2018	5.01	6.03	4.82	5.98	124,499,000	2,361,210,000
2/14/2018	4.18	5	4.18	5	56,104,500	1,967,590,000
2/13/2018	4.31	4.36	3.96	4.2	37,546,900	2,031,340,000
2/12/2018	4	4.46	4	4.31	29,326,600	1,882,270,000
2/11/2018	4.38	4.38	3.74	3.97	44,862,300	2,061,420,000
2/10/2018	4.66	5.04	4.15	4.4	51,292,400	2,172,710,000
2/9/2018	4.27	4.69	4.06	4.66	24,856,800	1,991,670,000
2/8/2018	3.84	4.47	3.84	4.28	72,426,300	1,791,710,000
2/7/2018	4.14	4.65	3.67	3.87	77,747,300	1,935,680,000
2/6/2018	3.58	4.46	2.63	4.19	111,053,000	1,673,400,000
2/5/2018	4.5	4.58	2.94	3.51	84,120,300	2,101,630,000
2/4/2018	5.51	5.57	4.26	4.54	69,855,900	2,575,760,000
2/3/2018	4.93	5.91	4.44	5.52	84,763,400	2,308,390,000
2/2/2018	5.27	5.33	3.57	4.9	96,082,900	2,466,510,000
2/1/2018	6.33	6.43	4.8	5.27	103,601,000	2,910,600,000
1/31/2018	5.87	6.46	5.63	6.33	120,768,000	2,706,700,000
1/30/2018	6.44	6.89	5.42	5.83	132,171,000	2,966,510,000
1/29/2018	6.76	6.85	6.36	6.43	103,079,000	3,100,270,000
1/28/2018	7	7.31	6.64	6.8	128,359,000	3,207,930,000
1/27/2018	7.29	7.53	6.81	6.92	115,057,000	3,321,160,000
1/26/2018	6.94	7.75	6.04	7.3	188,134,000	3,162,870,000
1/25/2018	7.52	8.01	6.87	6.93	161,326,000	3,425,390,000
1/24/2018	7.69	8.64	7.31	7.44	230,986,000	2,130,040,000
1/23/2018	8.28	8.46	6.7	7.69	214,146,000	2,293,920,000
1/22/2018	8.05	9.55	7.61	8.27	393,081,000	2,231,640,000
1/21/2018	8.17	8.51	6.99	7.88	207,469,000	2,264,110,000
1/20/2018	5.98	8.16	5.97	8.14	252,285,000	1,657,350,000
1/19/2018	5.44	6.17	5.25	5.92	114,293,000	1,508,380,000
1/18/2018	4.83	6.28	4.54	5.5	167,536,000	1,338,430,000
1/17/2018	4.88	5.14	3.44	4.79	127,252,000	1,353,590,000
1/16/2018	6.1	6.17	3.74	4.92	173,975,000	1,690,070,000
1/15/2018	6.06	6.26	5.57	6.06	134,816,000	1,678,810,000
1/14/2018	5.89	6.92	5.82	6.06	211,935,000	1,632,920,000
1/13/2018	6.24	6.63	5.21	5.86	194,477,000	1,729,740,000
1/12/2018	6.49	6.75	5.74	6.26	158,992,000	1,799,210,000
1/11/2018	6.36	7.31	4.97	6.44	288,487,000	1,762,480,000
1/10/2018	4.61	6.75	4.16	6.34	271,476,000	1,278,870,000
1/9/2018	4.25	4.63	4.19	4.59	128,018,000	1,176,920,000
1/8/2018	4.57	4.62	3.72	4.23	117,303,000	1,265,540,000
1/7/2018	4.74	4.88	4.55	4.59	121,009,000	1,314,190,000
1/6/2018	3.67	4.85	3.64	4.74	178,983,000	1,017,310,000
1/5/2018	3.78	4.19	3.19	3.64	192,141,000	1,046,450,000
1/4/2018	3.47	3.93	3.22	3.74	192,222,000	962,175,000
1/3/2018	2.61	3.47	2.61	3.47	241,740,000	722,827,000
1/2/2018	2.43	2.63	2.23	2.61	121,598,000	674,724,000
1/1/2018	2.3	2.46	2.23	2.43	68,193,900	636,456,000
12/31/2017	2.07	2.31	2.02	2.28	57,486,200	574,563,000
12/30/2017	2.39	2.42	1.94	2.1	94,525,600	661,758,000
12/29/2017	1.88	2.41	1.84	2.39	90,929,400	521,207,000
12/28/2017	1.99	2.02	1.69	1.87	82,967,600	550,666,000
12/27/2017	1.46	2.53	1.41	1.99	136,863,000	405,370,000
12/26/2017	1.37	1.49	1.24	1.46	32,262,400	379,553,000
12/25/2017	1.31	1.39	1.23	1.37	22,799,100	361,875,000
12/24/2017	1.37	1.39	1.15	1.3	24,165,000	378,370,000
12/23/2017	1.27	1.58	1.24	1.37	43,179,100	352,385,000
12/22/2017	1.53	1.54	0.972765	1.26	36,469,600	424,252,000
12/21/2017	1.51	1.58	1.33	1.53	57,319,900	419,676,000
12/20/2017	1.46	1.58	1.28	1.51	61,082,900	403,682,000
12/19/2017	1.71	1.81	1.4	1.46	74,583,900	472,756,000
12/18/2017	1.25	1.85	1.1	1.71	142,528,000	347,034,000
12/17/2017	0.937426	1.33	0.875884	1.25	41,104,100	259,819,000
12/16/2017	0.851537	0.93939	0.747906	0.921172	20,799,200	236,014,000
12/15/2017	0.669613	0.906382	0.578811	0.853001	31,718,200	185,592,000
12/14/2017	0.550091	0.699285	0.507013	0.673752	17,569,000	152,465,000
12/13/2017	0.587443	0.590792	0.508531	0.552646	8,953,480	162,817,000
12/12/2017	0.579233	0.6131	0.523174	0.582677	10,869,400	160,542,000
12/11/2017	0.465261	0.591257	0.463595	0.5776	10,485,300	128,953,000
12/10/2017	0.555543	0.555543	0.43991	0.464684	7,447,170	153,976,000
12/9/2017	0.56738	0.60306	0.476517	0.552503	7,636,390	157,257,000
12/8/2017	0.46176	0.654249	0.458676	0.565619	13,042,900	127,983,000
12/7/2017	0.577858	0.64111	0.428127	0.467044	11,494,900	160,161,000
12/6/2017	0.683061	0.683061	0.567762	0.589222	13,177,000	189,319,000
12/5/2017	0.505297	0.716263	0.43902	0.68401	25,974,900	140,049,000
12/4/2017	0.443465	0.50399	0.406857	0.497426	9,729,420	122,912,000
12/3/2017	0.368119	0.45184	0.341042	0.444544	10,074,100	102,029,000
12/2/2017	0.332752	0.371565	0.307087	0.367434	7,044,710	92,226,400
12/1/2017	0.254978	0.342346	0.226491	0.331534	7,863,330	70,670,300
11/30/2017	0.231503	0.265487	0.209143	0.255799	2,991,240	64,164,000
11/29/2017	0.268597	0.293688	0.227916	0.229357	3,674,300	74,445,000
11/28/2017	0.245575	0.298447	0.235749	0.269134	4,031,420	68,064,100
11/27/2017	0.244841	0.265339	0.234711	0.245728	2,216,870	67,860,900
11/26/2017	0.25623	0.256279	0.238027	0.245005	1,667,250	71,017,500
11/25/2017	0.256155	0.262847	0.246314	0.256218	1,416,020	70,996,600
11/24/2017	0.237601	0.260191	0.228138	0.258151	1,884,340	65,854,200
11/23/2017	0.261962	0.265923	0.238242	0.238242	2,133,510	72,606,000
11/22/2017	0.270566	0.273905	0.247486	0.262787	1,893,560	74,990,800
11/21/2017	0.266797	0.268798	0.240663	0.267959	1,583,940	73,946,300
11/20/2017	0.249106	0.281754	0.249106	0.26824	1,772,860	69,042,900
11/19/2017	0.264651	0.271111	0.242349	0.249098	1,146,710	73,351,200
11/18/2017	0.260259	0.270433	0.250559	0.265129	909,141	72,134,200
11/17/2017	0.267459	0.278233	0.250585	0.257303	1,477,450	74,129,600
11/16/2017	0.266061	0.326812	0.258911	0.276348	4,352,160	73,742,100
11/15/2017	0.236665	0.266059	0.236665	0.264633	1,783,740	65,594,700
11/14/2017	0.222281	0.238899	0.219217	0.235506	1,064,470	61,608,100
11/13/2017	0.207222	0.225303	0.207222	0.223694	778,468	57,434,100
11/12/2017	0.238693	0.239649	0.200078	0.206923	1,862,810	66,156,800
11/11/2017	0.240297	0.259862	0.236303	0.238159	921,946	66,601,300
11/10/2017	0.269915	0.276612	0.22701	0.240991	902,045	74,810,200
11/9/2017	0.259888	0.285078	0.25435	0.269108	1,189,380	72,031,300
11/8/2017	0.243571	0.285481	0.221658	0.262915	1,631,760	67,508,800
11/7/2017	0.231099	0.25013	0.230233	0.243587	970,278	64,051,900
11/6/2017	0.209216	0.253552	0.208479	0.229622	1,169,720	57,986,700
11/5/2017	0.218221	0.224642	0.207187	0.208844	503,566	60,482,600
11/4/2017	0.200344	0.225884	0.197247	0.218003	543,297	55,527,900
11/3/2017	0.177322	0.199677	0.175837	0.199013	548,399	49,146,900
11/2/2017	0.185579	0.186344	0.164434	0.178321	733,194	51,435,500
11/1/2017	0.216551	0.217671	0.180191	0.184682	553,665	60,019,800
10/31/2017	0.216269	0.220768	0.205989	0.214774	456,158	59,941,700
10/30/2017	0.206256	0.222367	0.204809	0.21661	405,068	57,166,400
10/29/2017	0.191176	0.21527	0.190836	0.206581	373,718	52,986,800
10/28/2017	0.206617	0.212177	0.190578	0.191099	366,837	57,266,400
10/27/2017	0.218215	0.219488	0.187881	0.206411	625,105	60,481,200
10/26/2017	0.227778	0.235112	0.215566	0.217957	504,600	63,131,400
10/25/2017	0.243201	0.25145	0.221307	0.227684	508,684	67,406,200
10/24/2017	0.237373	0.263378	0.233301	0.243873	537,452	65,791,000
10/23/2017	0.247663	0.248239	0.224548	0.237541	569,408	68,643,000
10/22/2017	0.251105	0.264818	0.233	0.246779	457,619	69,596,900
10/21/2017	0.249942	0.27369	0.240297	0.249945	344,300	69,274,500
10/20/2017	0.296961	0.299052	0.239716	0.250629	812,966	82,306,600
10/19/2017	0.29323	0.312849	0.271934	0.298278	1,253,670	81,272,400
10/18/2017	0.234597	0.295082	0.223938	0.293542	1,174,310	65,384,400
10/17/2017	0.2236	0.234105	0.209381	0.23373	450,269	62,319,300
10/16/2017	0.223173	0.234239	0.20902	0.223623	414,904	62,200,300
10/15/2017	0.235218	0.237282	0.208031	0.222695	393,751	65,557,400
10/14/2017	0.201374	0.245521	0.19838	0.235085	398,967	56,124,900
10/13/2017	0.221204	0.235272	0.179531	0.201706	616,856	61,651,500
10/12/2017	0.235971	0.247043	0.203406	0.221142	683,349	65,767,300
10/11/2017	0.264569	0.267892	0.227112	0.23587	459,206	73,737,900
10/10/2017	0.275916	0.275916	0.24183	0.263492	537,691	76,900,100
10/9/2017	0.25421	0.309427	0.236866	0.275482	818,564	70,850,600
10/8/2017	0.305599	0.307258	0.254081	0.255845	609,297	85,173,100
10/7/2017	0.305689	0.321605	0.271775	0.306751	699,534	85,198,300
10/6/2017	0.333381	0.333381	0.295335	0.305081	534,257	92,916,200
10/5/2017	0.306541	0.342179	0.2626	0.334141	833,600	85,435,800
10/4/2017	0.384006	0.384006	0.290188	0.303379	1,342,440	107,026,000
10/3/2017	0.305768	0.388768	0.265756	0.384378	3,445,270	85,220,300
10/2/2017	0.175792	0.329967	0.173691	0.298296	2,614,570	-
10/1/2017	0.160681	0.177207	0.156537	0.174829	497,711	-
9/30/2017	0.151556	0.168958	0.151473	0.161556	443,594	-
9/29/2017	0.136493	0.153248	0.110579	0.151748	368,233	-
9/28/2017	0.14873	0.14873	0.122442	0.136886	319,853	-
9/27/2017	0.097916	0.166898	0.096055	0.148762	290,530	-
9/26/2017	0.097541	0.100245	0.096469	0.09807	219,629	-
9/25/2017	0.084918	0.10675	0.080644	0.097807	230,925	-
9/24/2017	0.069411	0.085404	0.067843	0.084833	129,066	-
9/23/2017	0.064521	0.070096	0.062765	0.069762	153,867	-
9/22/2017	0.064046	0.066053	0.060895	0.064688	93,727	-
9/21/2017	0.068585	0.072917	0.063839	0.064076	116,188	-
9/20/2017	0.056178	0.070688	0.050876	0.068936	45,507	-
9/19/2017	0.068147	0.068917	0.055711	0.056247	3,406	-
9/18/2017	0.065548	0.074459	0.042027	0.067955	3,685	-
9/17/2017	0.075829	0.075833	0.056331	0.065584	12,558	-
9/16/2017	0.063534	0.078749	0.062315	0.075771	26,582	-
9/15/2017	0.055128	0.068444	0.052437	0.063221	20,442	-
9/14/2017	0.075552	0.083391	0.055356	0.055356	34,979	-
9/13/2017	0.05042	0.084292	0.050238	0.075553	659	-
9/12/2017	0.05042	0.05042	0.05042	0.05042	0	-
9/11/2017	0.049022	0.055699	0.047485	0.05042	0	-
9/10/2017	0.048004	0.057875	0.047648	0.049022	0	-
9/9/2017	0.081535	0.081543	0.046412	0.048002	258	-
9/8/2017	0.067827	0.096653	0.064907	0.081551	1,880	-
9/7/2017	0.057143	0.067829	0.057143	0.067827	3,311	-
9/6/2017	0.057972	0.060352	0.054886	0.057143	451	-
9/5/2017	0.056041	0.058804	0.04166	0.057972	1,156,340	-
9/4/2017	0.109926	0.128125	0.051509	0.056653	4,568,850	-
9/3/2017	0.138987	0.13934	0.104496	0.112362	5,362,440	-
9/2/2017	0.172681	0.176484	0.125146	0.140053	8,672,000	-
9/1/2017	0.187783	0.19096	0.171816	0.173036	3,298,480	-
8/31/2017	0.197504	0.200893	0.185077	0.187783	2,681,500	-
8/30/2017	0.229984	0.229984	0.152084	0.198101	11,348,900	-
8/29/2017	0.23293	0.240887	0.228623	0.230286	5,284,410	-
8/28/2017	0.241178	0.246522	0.228211	0.234442	4,223,700	-
8/27/2017	0.234209	0.260213	0.230134	0.24163	5,238,990	-
8/26/2017	0.242978	0.243837	0.229546	0.234058	3,459,540	-
8/25/2017	0.253048	0.253048	0.238451	0.242978	3,718,990	-
8/24/2017	0.276288	0.297604	0.238689	0.252909	6,074,270	-
8/23/2017	0.263492	0.323096	0.261051	0.279839	10,956,900	-
8/22/2017	0.239862	0.255482	0.225161	0.252281	7,478,420	-
