Date	Open	High	Low	Close	Volume	Market Cap
07/15/2018	0.027228	0.027482	0.024060	0.024060	2,928	350,081
07/14/2018	0.025704	0.028046	0.025676	0.027235	2,227	330,481
07/13/2018	0.029500	0.029730	0.025139	0.025774	3,909	378,407
07/12/2018	0.022745	0.034047	0.021624	0.029472	7,869	291,758
07/11/2018	0.023513	0.035511	0.022720	0.022750	5,119	301,607
07/10/2018	0.037105	0.037329	0.023505	0.023512	2,354	475,950
07/09/2018	0.038393	0.038738	0.026539	0.037130	2,715	492,470
07/08/2018	0.026919	0.043303	0.025975	0.038401	13,575	345,298
07/07/2018	0.026916	0.027037	0.025653	0.026949	7,710	345,254
07/06/2018	0.026314	0.026962	0.025902	0.026959	6,441	337,539
07/05/2018	0.026219	0.027225	0.024089	0.026318	10,413	336,316
07/04/2018	0.025799	0.027343	0.025492	0.026163	12,999	329,898
07/03/2018	0.026150	0.027527	0.025623	0.025809	5,986	334,388
07/02/2018	0.027582	0.028192	0.026124	0.026266	5,672	352,695
07/01/2018	0.026007	0.030658	0.025806	0.027579	11,063	332,555
06/30/2018	0.033734	0.035160	0.025118	0.026001	8,304	431,364
06/29/2018	0.024793	0.035056	0.021721	0.033690	7,114	317,039
06/28/2018	0.032700	0.032811	0.024640	0.024778	4,155	418,141
06/27/2018	0.040000	0.041812	0.025740	0.032688	6,059	511,489
06/26/2018	0.027592	0.040509	0.026112	0.040016	8,567	352,819
06/25/2018	0.027688	0.039219	0.024689	0.027592	7,753	354,050
06/24/2018	0.045555	0.045629	0.026703	0.027741	22,895	582,523
06/23/2018	0.032779	0.046082	0.028020	0.045561	3,021	419,155
06/22/2018	0.043113	0.043149	0.031432	0.032775	12,464	551,300
06/21/2018	0.038894	0.043226	0.032078	0.043159	15,899	497,348
06/20/2018	0.036127	0.056465	0.026878	0.038886	46,763	461,968
06/19/2018	0.030738	0.042437	0.030376	0.036110	15,629	389,367
06/18/2018	0.031883	0.032745	0.029521	0.030754	5,982	403,871
06/17/2018	0.030788	0.035150	0.029844	0.031991	9,906	386,306
06/16/2018	0.030519	0.031115	0.029725	0.030710	4,840	382,925
06/15/2018	0.033168	0.033578	0.030237	0.031095	4,647	416,163
06/14/2018	0.031127	0.033681	0.030566	0.033206	8,898	390,553
06/13/2018	0.036189	0.037211	0.030381	0.031138	9,846	454,075
06/12/2018	0.033866	0.037530	0.029225	0.036094	15,766	424,925
06/11/2018	0.030661	0.038027	0.030393	0.033684	12,173	384,712
06/10/2018	0.039966	0.041802	0.030450	0.030624	7,813	501,466
06/09/2018	0.033793	0.041379	0.032889	0.040397	10,071	424,009
06/08/2018	0.036076	0.039489	0.034432	0.034432	8,345	452,656
06/07/2018	0.039493	0.043793	0.035606	0.036052	14,122	495,531
06/06/2018	0.040536	0.043426	0.036888	0.039473	18,546	502,074
06/05/2018	0.047971	0.048021	0.040210	0.041139	11,801	594,165
06/04/2018	0.046338	0.048734	0.040355	0.047949	43,654	573,938
06/03/2018	0.043748	0.049385	0.043376	0.046324	12,086	541,853
06/02/2018	0.043472	0.045895	0.042651	0.045341	7,488	538,440
06/01/2018	0.047088	0.049757	0.042344	0.044293	8,954	583,229
05/31/2018	0.038355	0.047064	0.037363	0.047064	14,750	475,060
05/30/2018	0.036899	0.041251	0.036365	0.038361	8,562	457,021
05/29/2018	0.035437	0.040107	0.033084	0.036879	12,862	438,921
05/28/2018	0.037388	0.039031	0.034578	0.035190	11,750	463,082
05/27/2018	0.040777	0.041626	0.035818	0.037381	12,030	505,058
05/26/2018	0.042452	0.044520	0.040495	0.040757	6,493	525,805
05/25/2018	0.055801	0.061435	0.041560	0.042816	10,449	691,137
05/24/2018	0.047162	0.061250	0.046851	0.055704	41,962	577,771
05/23/2018	0.049957	0.051741	0.042929	0.047229	16,392	612,015
05/22/2018	0.061510	0.066389	0.048373	0.049997	28,156	753,546
05/21/2018	0.045420	0.073050	0.042807	0.061992	116,493	556,435
05/20/2018	0.050861	0.051726	0.042011	0.045372	11,501	623,096
05/19/2018	0.058002	0.058071	0.049862	0.050834	13,578	710,571
05/18/2018	0.064128	0.064128	0.056297	0.058008	10,861	584,526
05/17/2018	0.070301	0.070551	0.063531	0.064609	18,483	640,796
05/16/2018	0.075089	0.076702	0.064195	0.070273	28,793	684,438
05/15/2018	0.076728	0.084308	0.069463	0.075119	37,126	699,377
05/14/2018	0.071179	0.087756	0.063495	0.076819	44,539	648,799
05/13/2018	0.087308	0.087684	0.065830	0.071178	20,987	795,810
05/12/2018	0.078550	0.089397	0.076131	0.088012	26,095	715,986
05/11/2018	0.087927	0.091269	0.073087	0.079085	20,760	801,456
05/10/2018	0.084148	0.095094	0.083957	0.089385	21,819	767,011
05/09/2018	0.078861	0.102597	0.074908	0.084165	23,934	718,816
05/08/2018	0.093737	0.097079	0.073603	0.078939	39,489	854,411
05/07/2018	0.101656	0.115973	0.089630	0.093583	44,916	926,597
05/06/2018	0.111156	0.113976	0.095383	0.101920	59,575	1,013,180
05/05/2018	0.110895	0.117204	0.101302	0.111107	48,663	1,010,810
05/04/2018	0.075736	0.128744	0.075660	0.110360	137,817	690,331
05/03/2018	0.057928	0.089713	0.057928	0.077721	42,821	528,015
05/02/2018	0.048395	0.059232	0.048284	0.058149	28,065	441,121
05/01/2018	0.034353	0.049948	0.033506	0.048933	19,003	313,125
04/30/2018	0.042718	0.042763	0.033765	0.035740	17,342	389,374
04/29/2018	0.052167	0.054266	0.038284	0.042727	20,083	475,502
04/28/2018	0.051992	0.055744	0.049829	0.051959	20,090	473,908
04/27/2018	0.056162	0.064861	0.051953	0.052111	19,054	511,918
04/26/2018	0.051370	0.064779	0.049635	0.054242	53,708	-
04/25/2018	0.000079	0.000094	0.000078	0.000089	251	38,445
04/24/2018	0.000088	0.000091	0.000074	0.000079	189	42,909
04/23/2018	0.000082	0.000089	0.000080	0.000088	587	39,730
04/22/2018	0.000089	0.000089	0.000081	0.000082	1,030	43,422
04/21/2018	0.000083	0.000095	0.000083	0.000089	2,333	40,423
04/20/2018	0.000082	0.000088	0.000078	0.000083	1,754	39,698
04/19/2018	0.000163	0.000172	0.000081	0.000082	9,604	79,245
04/18/2018	0.000141	0.000163	0.000079	0.000163	11,555	68,658
04/17/2018	0.000080	0.000154	0.000073	0.000141	60,428	38,697
04/16/2018	0.000078	0.000080	0.000073	0.000080	1,720	37,797
04/15/2018	0.000072	0.000080	0.000064	0.000078	2,585	34,992
04/14/2018	0.000073	0.000080	0.000068	0.000072	3,434	35,622
04/13/2018	0.000050	0.000080	0.000041	0.000073	11,589	24,352
04/12/2018	0.000066	0.000075	0.000050	0.000050	484	32,209
04/11/2018	0.000054	0.000068	0.000054	0.000066	3,517	26,042
04/10/2018	0.000061	0.000061	0.000040	0.000054	1,027	29,793
04/09/2018	0.000065	0.000066	0.000055	0.000061	496	31,863
04/08/2018	0.000065	0.000066	0.000059	0.000062	1,753	31,530
04/07/2018	0.000064	0.000065	0.000050	0.000065	329	30,937
04/06/2018	0.000064	0.000065	0.000061	0.000064	333	31,340
04/05/2018	0.000066	0.000067	0.000062	0.000065	2,201	32,285
04/04/2018	0.000052	0.000067	0.000052	0.000066	3,734	25,279
04/03/2018	0.000067	0.000070	0.000037	0.000052	2,609	32,539
04/02/2018	0.000045	0.000067	0.000045	0.000067	702	21,924
04/01/2018	0.000049	0.000063	0.000045	0.000045	272	24,030
03/31/2018	0.000050	0.000056	0.000045	0.000049	379	24,494
03/30/2018	0.000055	0.000057	0.000048	0.000050	280	26,869
03/29/2018	0.000068	0.000068	0.000048	0.000055	676	33,214
03/28/2018	0.000063	0.000076	0.000040	0.000068	397	30,828
03/27/2018	0.000062	0.000066	0.000053	0.000063	799	30,372
03/26/2018	0.000040	0.000063	0.000040	0.000062	1,132	19,246
03/25/2018	0.000069	0.000073	0.000040	0.000040	511	33,657
03/24/2018	0.000068	0.000083	0.000066	0.000070	541	33,156
03/23/2018	0.000043	0.000067	0.000040	0.000067	1,293	20,999
03/22/2018	0.000066	0.000074	0.000043	0.000043	1,108	32,058
03/21/2018	0.000060	0.000068	0.000047	0.000066	1,910	29,327
03/20/2018	0.000052	0.000060	0.000033	0.000060	1,979	25,511
03/19/2018	0.000041	0.000052	0.000041	0.000052	721	19,985
03/18/2018	0.000075	0.000075	0.000030	0.000041	658	36,411
03/17/2018	0.000040	0.000077	0.000040	0.000075	776	19,530
03/16/2018	0.000053	0.000054	0.000040	0.000040	1,598	25,743
03/15/2018	0.000054	0.000058	0.000044	0.000053	526	26,196
03/14/2018	0.000063	0.000064	0.000046	0.000054	949	30,603
03/13/2018	0.000062	0.000064	0.000043	0.000063	370	29,931
03/12/2018	0.000066	0.000068	0.000050	0.000062	2,041	31,988
03/11/2018	0.000053	0.000067	0.000053	0.000066	951	25,834
03/10/2018	0.000065	0.000065	0.000052	0.000053	646	31,679
03/09/2018	0.000070	0.000070	0.000056	0.000064	1,261	33,841
03/08/2018	0.000067	0.000079	0.000056	0.000070	481	32,563
03/07/2018	0.000081	0.000085	0.000057	0.000067	2,439	39,282
03/06/2018	0.000070	0.000082	0.000065	0.000081	4,354	34,143
03/05/2018	0.000067	0.000094	0.000066	0.000070	2,207	32,462
03/04/2018	0.000061	0.000070	0.000050	0.000067	1,222	29,611
03/03/2018	0.000077	0.000080	0.000061	0.000061	2,588	37,281
03/02/2018	0.000074	0.000083	0.000067	0.000077	1,286	36,129
03/01/2018	0.000080	0.000090	0.000071	0.000074	2,285	38,995
02/28/2018	0.000075	0.000082	0.000070	0.000080	4,866	36,276
02/27/2018	0.000084	0.000084	0.000074	0.000074	2,324	40,926
02/26/2018	0.000079	0.000085	0.000073	0.000084	2,475	38,244
02/25/2018	0.000092	0.000096	0.000078	0.000079	5,270	44,542
02/24/2018	0.000071	0.000092	0.000071	0.000092	2,149	34,739
02/23/2018	0.000074	0.000085	0.000071	0.000071	1,605	35,928
02/22/2018	0.000087	0.000088	0.000063	0.000074	2,511	42,213
02/21/2018	0.000095	0.000101	0.000085	0.000087	2,014	46,335
02/20/2018	0.000084	0.000102	0.000080	0.000095	3,846	40,850
02/19/2018	0.000082	0.000091	0.000073	0.000084	3,015	39,839
02/18/2018	0.000092	0.000101	0.000071	0.000082	2,999	44,762
02/17/2018	0.000093	0.000102	0.000077	0.000092	4,960	45,023
02/16/2018	0.000091	0.000100	0.000082	0.000092	2,907	44,323
02/15/2018	0.000091	0.000100	0.000082	0.000091	3,081	44,430
02/14/2018	0.000088	0.000153	0.000077	0.000091	14,164	42,688
02/13/2018	0.000150	0.000150	0.000082	0.000088	7,425	73,063
02/12/2018	0.000087	0.000151	0.000081	0.000150	7,441	42,181
02/11/2018	0.000125	0.000133	0.000081	0.000087	8,623	60,855
02/10/2018	0.000083	0.000141	0.000083	0.000125	12,128	40,474
02/09/2018	0.000138	0.000142	0.000074	0.000083	7,916	67,101
02/08/2018	0.000086	0.000139	0.000072	0.000137	11,426	41,944
02/07/2018	0.000083	0.000134	0.000073	0.000086	7,022	40,224
02/06/2018	0.000077	0.000084	0.000057	0.000083	23,368	37,264
02/05/2018	0.000088	0.000118	0.000059	0.000077	9,239	42,614
02/04/2018	0.000097	0.000159	0.000086	0.000088	4,290	47,013
02/03/2018	0.000094	0.000159	0.000087	0.000097	8,167	45,681
02/02/2018	0.000090	0.000159	0.000078	0.000094	13,817	44,008
02/01/2018	0.000148	0.000159	0.000089	0.000091	16,206	72,146
01/31/2018	0.000117	0.000163	0.000100	0.000148	14,729	57,130
01/30/2018	0.000184	0.000187	0.000107	0.000117	16,105	89,525
01/29/2018	0.000182	0.000187	0.000119	0.000184	26,773	88,420
01/28/2018	0.000120	0.000204	0.000116	0.000129	29,238	58,593
01/27/2018	0.000206	0.000212	0.000114	0.000197	75,788	100,301
01/26/2018	0.000214	0.000223	0.000104	0.000206	280,609	104,241
01/25/2018	0.000204	0.000216	0.000124	0.000124	47,041	99,145
01/24/2018	0.000157	0.000211	0.000136	0.000201	44,060	76,516
01/23/2018	0.000192	0.000208	0.000129	0.000202	37,581	93,486
01/22/2018	0.000190	0.000221	0.000138	0.000192	25,006	92,569
01/21/2018	0.000211	0.000226	0.000147	0.000189	30,714	102,783
01/20/2018	0.000187	0.000245	0.000140	0.000205	85,974	91,094
01/19/2018	0.000188	0.000198	0.000128	0.000181	24,489	91,561
01/18/2018	0.000168	0.000194	0.000117	0.000190	35,243	81,515
01/17/2018	0.000127	0.000174	0.000106	0.000126	30,583	61,698
01/16/2018	0.000211	0.000212	0.000125	0.000135	42,905	102,911
01/15/2018	0.000259	0.000260	0.000160	0.000210	57,543	126,153
01/14/2018	0.000371	0.000380	0.000164	0.000255	114,407	180,731
01/13/2018	0.000391	0.000405	0.000280	0.000371	142,986	190,110
01/12/2018	0.000272	0.000414	0.000217	0.000391	345,041	132,463
01/11/2018	0.000271	0.000277	0.000165	0.000271	207,047	131,910
01/10/2018	0.000246	0.000268	0.000152	0.000268	219,296	119,861
01/09/2018	0.000146	0.000262	0.000138	0.000246	385,163	71,048
01/08/2018	0.000161	0.000166	0.000142	0.000146	70,832	78,298
01/07/2018	0.000148	0.000162	0.000140	0.000161	126,180	71,835
01/06/2018	0.000097	0.000141	0.000096	0.000141	116,361	46,969
01/05/2018	0.000095	0.000104	0.000088	0.000096	23,871	46,419
01/04/2018	0.000096	0.000103	0.000076	0.000096	28,836	46,578
01/03/2018	0.000105	0.000126	0.000089	0.000095	51,521	51,151
01/02/2018	0.000055	0.000106	0.000050	0.000105	55,650	26,851
01/01/2018	0.000100	0.000107	0.000051	0.000055	15,536	48,650
12/31/2017	0.000088	0.000110	0.000087	0.000100	5,978	42,629
12/30/2017	0.000064	0.000094	0.000046	0.000088	7,320	31,150
12/29/2017	0.000073	0.000112	0.000061	0.000064	14,832	35,720
12/28/2017	0.000053	0.000073	0.000041	0.000073	10,165	25,571
12/27/2017	0.000081	0.000088	0.000045	0.000053	19,779	39,246
12/26/2017	0.000054	0.000082	0.000053	0.000081	8,207	26,509
12/25/2017	0.000086	0.000086	0.000050	0.000055	15,222	41,756
12/24/2017	0.000058	0.000085	0.000042	0.000085	3,818	28,205
12/23/2017	0.000079	0.000135	0.000057	0.000057	10,532	38,683
12/22/2017	0.000089	0.000096	0.000059	0.000079	4,582	43,351
12/21/2017	0.000094	0.000120	0.000084	0.000089	3,611	45,502
12/20/2017	0.000073	0.000112	0.000067	0.000093	4,135	35,368
12/19/2017	0.000079	0.000107	0.000066	0.000073	6,164	38,223
12/18/2017	0.000084	0.000131	0.000056	0.000078	3,969	41,076
12/17/2017	0.000115	0.000150	0.000071	0.000084	6,984	56,109
12/16/2017	0.000029	0.000131	0.000016	0.000115	2,257	14,024
12/15/2017	0.000052	0.000090	0.000028	0.000029	7,691	25,140
12/14/2017	0.000031	0.000091	0.000031	0.000052	3,498	15,176
12/13/2017	0.000021	0.000032	0.000013	0.000031	3,895	10,149
12/12/2017	0.000091	0.000091	0.000012	0.000021	10,414	44,113
12/11/2017	0.000054	0.000097	0.000053	0.000090	159	26,476
12/10/2017	0.000050	0.000070	0.000042	0.000055	254	24,174
12/09/2017	0.000141	0.000145	0.000047	0.000049	310	68,537
12/08/2017	0.000120	0.000154	0.000106	0.000141	937	58,301
12/07/2017	0.000114	0.000127	0.000031	0.000119	275	55,379
12/06/2017	0.000053	0.000117	0.000048	0.000114	3,437	25,884
12/05/2017	0.000073	0.000091	0.000052	0.000053	317	35,389
12/04/2017	0.000026	0.000073	0.000015	0.000073	109	12,851
12/03/2017	0.000059	0.000060	0.000025	0.000026	196	28,898
12/02/2017	0.000067	0.000091	0.000056	0.000059	470	32,372
12/01/2017	0.000014	0.000097	0.000014	0.000067	87	6,970
11/30/2017	0.000018	0.000019	0.000012	0.000014	37	8,665
11/29/2017	0.000021	0.000027	0.000017	0.000018	250	10,315
11/28/2017	0.000041	0.000050	0.000018	0.000021	318	20,071
11/27/2017	0.000057	0.000057	0.000035	0.000041	153	27,779
11/26/2017	0.000056	0.000063	0.000043	0.000057	226	27,047
11/25/2017	0.000011	0.000083	0.000011	0.000056	315	5,330
11/24/2017	0.000027	0.000029	0.000011	0.000011	62	12,937
11/23/2017	0.000013	0.000033	0.000012	0.000027	132	6,107
11/22/2017	0.000055	0.000070	0.000012	0.000013	62	26,773
11/21/2017	0.000065	0.000072	0.000037	0.000055	170	31,588
11/20/2017	0.000019	0.000065	0.000015	0.000065	977	9,295
11/19/2017	0.000044	0.000049	0.000016	0.000019	598	21,490
11/18/2017	0.000036	0.000072	0.000034	0.000044	276	17,301
11/17/2017	0.000021	0.000036	0.000011	0.000036	30	10,315
11/16/2017	0.000018	0.000034	0.000011	0.000021	284	8,749
11/15/2017	0.000019	0.000036	0.000017	0.000018	479	9,487
11/14/2017	0.000015	0.000019	0.000014	0.000019	367	7,494
11/13/2017	0.000030	0.000031	0.000015	0.000015	428	14,598
11/12/2017	0.000036	0.000053	0.000030	0.000030	210	17,290
11/11/2017	0.000025	0.000049	0.000010	0.000036	537	12,133
11/10/2017	0.000029	0.000030	0.000015	0.000025	274	14,284
11/09/2017	0.000033	0.000034	0.000019	0.000029	118	15,970
11/08/2017	0.000026	0.000042	0.000026	0.000033	374	12,610
11/07/2017	0.000027	0.000046	0.000011	0.000026	965	12,940
11/06/2017	0.000019	0.000029	0.000013	0.000027	4,073	9,259
11/05/2017	0.000014	0.000023	0.000014	0.000019	598	7,021
11/04/2017	0.000028	0.000030	0.000011	0.000014	1,410	13,429
11/03/2017	0.000035	0.000041	0.000023	0.000028	3,331	16,958
11/02/2017	0.000021	0.000041	0.000021	0.000035	640	10,311
11/01/2017	0.000018	0.000038	0.000016	0.000021	321	8,800
10/31/2017	0.000031	0.000032	0.000018	0.000018	3,586	15,055
10/30/2017	0.000043	0.000044	0.000028	0.000031	1,633	20,724
10/29/2017	0.000011	0.000050	0.000011	0.000043	2,114	5,209
10/28/2017	0.000026	0.000051	0.000011	0.000011	6,949	12,412
10/27/2017	0.000025	0.000028	0.000023	0.000025	2,694	12,321
10/26/2017	0.000019	0.000032	0.000017	0.000025	4,884	9,377
10/25/2017	0.000012	0.000024	0.000012	0.000020	250	5,640
10/24/2017	0.000026	0.000026	0.000011	0.000012	3,314	12,836
10/23/2017	0.000025	0.000042	0.000022	0.000026	1,743	12,110
10/22/2017	0.000022	0.000029	0.000015	0.000025	7,944	10,916
10/21/2017	0.000034	0.000035	0.000013	0.000022	28,438	16,540
10/20/2017	0.000073	0.000074	0.000026	0.000026	8,809	35,560
10/19/2017	0.000025	0.000098	0.000023	0.000093	5,192	12,124
10/18/2017	0.000033	0.000034	0.000027	0.000030	8,190	16,007
10/17/2017	0.000025	0.000035	0.000017	0.000033	11,055	12,051
10/16/2017	0.000046	0.000046	0.000024	0.000025	8,474	22,393
10/15/2017	0.000023	0.000048	0.000023	0.000046	5,972	11,179
10/14/2017	0.000023	0.000025	0.000015	0.000023	33,028	11,093
10/13/2017	0.000118	0.000147	0.000017	0.000023	50,915	57,645
10/12/2017	0.000048	0.000266	0.000048	0.000118	39,588	23,307
10/11/2017	0.000034	0.000048	0.000016	0.000048	30,348	16,317
10/10/2017	0.000045	0.000071	0.000024	0.000034	19,871	21,694
10/09/2017	0.000037	0.000045	0.000037	0.000045	4,254	18,134
10/08/2017	0.000096	0.000103	0.000034	0.000037	24,418	46,481
10/07/2017	0.000047	0.000098	0.000046	0.000097	8,540	23,011
10/06/2017	0.000043	0.000079	0.000039	0.000047	9,886	20,927
10/05/2017	0.000048	0.000048	0.000031	0.000043	16,059	23,150
10/04/2017	0.000078	0.000084	0.000046	0.000048	1,784	38,107
10/03/2017	0.000046	0.000084	0.000043	0.000078	10,984	22,513
10/02/2017	0.000044	0.000088	0.000044	0.000046	15,597	21,456
10/01/2017	0.000058	0.000086	0.000044	0.000044	10,796	28,084
09/30/2017	0.000053	0.000084	0.000042	0.000058	3,929	25,769
09/29/2017	0.000070	0.000083	0.000040	0.000041	12,557	33,897
09/28/2017	0.000074	0.000084	0.000042	0.000070	15,799	35,777
09/27/2017	0.000077	0.000083	0.000042	0.000074	38,631	37,603
09/26/2017	0.000073	0.000079	0.000066	0.000077	1,827	35,419
09/25/2017	0.000097	0.000103	0.000036	0.000073	11,443	47,201
09/24/2017	0.000099	0.000099	0.000065	0.000097	2,382	48,383
09/23/2017	0.000073	0.000109	0.000073	0.000099	2,091	35,715
09/22/2017	0.000102	0.000103	0.000072	0.000074	2,735	49,537
09/21/2017	0.000078	0.000107	0.000062	0.000102	4,440	38,012
09/20/2017	0.000111	0.000121	0.000078	0.000078	7,537	19,573
09/19/2017	0.000105	0.000117	0.000080	0.000112	11,207	18,375
09/18/2017	0.000097	0.000356	0.000068	0.000104	13,473	17,110
09/17/2017	0.000084	0.000109	0.000061	0.000098	2,710	14,833
09/16/2017	0.000097	0.000116	0.000065	0.000085	14,751	17,096
09/15/2017	0.000098	0.000109	0.000062	0.000098	17,522	17,272
09/14/2017	0.000150	0.000178	0.000071	0.000098	28,263	26,310
09/13/2017	0.000206	0.000206	0.000119	0.000150	36,340	36,100
09/12/2017	0.000238	0.000425	0.000126	0.000206	207,988	41,838
09/11/2017	0.000126	0.001132	0.000108	0.000239	340,246	22,211
09/10/2017	0.000126	0.000144	0.000088	0.000127	28,925	22,058
09/09/2017	0.000107	0.000169	0.000106	0.000126	14,839	18,856
09/08/2017	0.000113	0.000133	0.000089	0.000107	7,651	19,836
09/07/2017	0.000124	0.000178	0.000099	0.000113	8,849	21,764
09/06/2017	0.000114	0.000210	0.000097	0.000124	10,737	19,963
09/05/2017	0.000125	0.000135	0.000091	0.000113	1,168	22,029
09/04/2017	0.000093	0.000130	0.000085	0.000125	10,473	16,375
09/03/2017	0.000123	0.000128	0.000058	0.000093	7,845	21,530
09/02/2017	0.000106	0.000137	0.000060	0.000123	2,573	18,686
09/01/2017	0.000125	0.000125	0.000087	0.000106	3,116	21,984
08/31/2017	0.000135	0.000139	0.000065	0.000125	12,481	23,783
08/30/2017	0.000168	0.000173	0.000097	0.000136	24,786	29,469
08/29/2017	0.000134	0.000176	0.000079	0.000168	38,456	23,613
08/28/2017	0.000423	0.000424	0.000083	0.000134	26,011	62,681
08/27/2017	0.000419	0.000468	0.000336	0.000423	442	62,074
08/26/2017	0.000438	0.000479	0.000338	0.000419	595	64,862
08/25/2017	0.000425	0.000455	0.000424	0.000437	818	62,871
08/24/2017	0.000469	0.000474	0.000356	0.000425	953	69,509
08/23/2017	0.000377	0.000491	0.000333	0.000452	2,117	55,797
08/22/2017	0.000408	0.000451	0.000315	0.000377	5,119	60,390
08/21/2017	0.000460	0.000623	0.000359	0.000407	6,619	68,063
08/20/2017	0.000412	0.000476	0.000385	0.000461	1,674	61,029
08/19/2017	0.000395	0.000465	0.000318	0.000414	3,156	58,499
08/18/2017	0.000472	0.000540	0.000384	0.000395	2,716	69,831
08/17/2017	0.000437	0.000812	0.000419	0.000444	3,411	64,721
08/16/2017	0.000423	0.000844	0.000355	0.000437	1,806	62,695
08/15/2017	0.000435	0.000439	0.000253	0.000423	4,186	64,388
08/14/2017	0.000451	0.000497	0.000349	0.000434	3,205	66,771
08/13/2017	0.000496	0.000548	0.000381	0.000451	4,334	60,652
08/12/2017	0.000508	0.000546	0.000466	0.000496	1,693	62,172
08/11/2017	0.000578	0.000610	0.000463	0.000509	5,663	70,708
08/10/2017	0.000569	0.000780	0.000504	0.000578	4,986	69,517
08/09/2017	0.000511	0.000650	0.000451	0.000568	5,223	62,509
08/08/2017	0.000522	0.000619	0.000443	0.000512	2,911	63,858
08/07/2017	0.000984	0.000984	0.000521	0.000522	2,283	120,287
08/06/2017	0.000618	0.001007	0.000589	0.000986	659	75,546
08/05/2017	0.000675	0.000707	0.000557	0.000618	1,052	82,586
08/04/2017	0.000504	0.000746	0.000459	0.000676	1,233	61,681
08/03/2017	0.000620	0.000625	0.000424	0.000504	893	75,791
08/02/2017	0.000505	0.000790	0.000467	0.000619	1,092	61,800
08/01/2017	0.000887	0.003590	0.000402	0.000506	1,369	98,557
07/31/2017	0.000542	0.000939	0.000537	0.000887	711	60,186
07/30/2017	0.000547	0.000560	0.000412	0.000541	3,137	60,793
07/29/2017	0.000566	0.000670	0.000460	0.000547	1,404	62,843
07/28/2017	0.000633	0.000820	0.000565	0.000568	498	70,303
07/27/2017	0.000731	0.000753	0.000512	0.000631	2,960	81,252
07/26/2017	0.001021	0.001052	0.000644	0.000730	4,045	113,411
07/25/2017	0.000754	0.001063	0.000711	0.001021	2,621	83,761
07/24/2017	0.000846	0.001035	0.000752	0.000754	2,558	90,698
07/23/2017	0.000983	0.001249	0.000843	0.000848	3,032	105,420
07/22/2017	0.002229	0.002280	0.000858	0.000983	2,996	239,116
07/21/2017	0.001080	0.002445	0.000909	0.002228	3,018	115,868
07/20/2017	0.000975	0.001323	0.000881	0.001073	3,495	104,567
07/19/2017	0.001431	0.001467	0.000974	0.000978	5,812	153,433
07/18/2017	0.001882	0.001886	0.001037	0.001429	5,604	201,798
07/17/2017	0.002338	0.002567	0.001213	0.001877	2,169	250,739
07/16/2017	0.001313	0.002365	0.001301	0.002351	1,981	140,853
07/15/2017	0.001722	0.002323	0.001025	0.001317	7,754	174,027
07/14/2017	0.002816	0.002962	0.001514	0.001725	4,119	284,566
07/13/2017	0.001969	0.002821	0.001788	0.002817	2,280	198,950
07/12/2017	0.002724	0.002743	0.001921	0.001968	2,378	275,281
07/11/2017	0.002876	0.003718	0.002631	0.002736	709	290,616
07/10/2017	0.002940	0.003128	0.002528	0.002881	3,363	297,032
07/09/2017	0.003435	0.004656	0.002825	0.002935	6,960	347,114
07/08/2017	0.003716	0.003752	0.002685	0.003432	7,805	375,448
07/07/2017	0.004124	0.004131	0.003062	0.003707	2,986	407,601
07/06/2017	0.003558	0.005200	0.003541	0.004128	2,957	351,626
07/05/2017	0.004947	0.005038	0.003184	0.003556	2,593	488,907
07/04/2017	0.003134	0.005388	0.002920	0.004888	2,372	309,777
07/03/2017	0.004008	0.004306	0.002809	0.003141	3,214	396,120
07/02/2017	0.005828	0.005884	0.003807	0.004023	2,541	559,244
07/01/2017	0.006884	0.006904	0.005147	0.005827	2,654	660,555
06/30/2017	0.006962	0.007522	0.005288	0.006870	2,395	668,050
06/29/2017	0.007833	0.008562	0.006952	0.006952	2,150	751,621
06/28/2017	0.006871	0.008711	0.006631	0.007829	1,403	659,256
06/27/2017	0.008377	0.008868	0.006188	0.006845	4,714	803,800
06/26/2017	0.007823	0.009514	0.006227	0.008264	3,315	750,626
06/25/2017	0.008783	0.014266	0.007417	0.008383	4,958	842,707
06/24/2017	0.010039	0.011270	0.008626	0.008758	3,363	924,334
06/23/2017	0.012071	0.012118	0.009929	0.010048	3,354	1,111,410
06/22/2017	0.008686	0.012552	0.008686	0.012046	9,021	799,777
06/21/2017	0.014255	0.014278	0.008582	0.008776	2,769	1,312,450
06/20/2017	0.007545	0.014688	0.006625	0.014200	9,343	694,705
06/19/2017	0.010616	0.011053	0.007293	0.007412	3,781	977,421
06/18/2017	0.013757	0.015397	0.007057	0.010574	5,475	1,266,610
06/17/2017	0.010420	0.015340	0.007966	0.013695	11,911	959,403
06/16/2017	0.013321	0.013853	0.007423	0.010221	5,309	1,226,500
06/15/2017	0.011258	0.014261	0.009983	0.013402	10,738	1,001,510
06/14/2017	0.018517	0.020370	0.009579	0.011328	5,059	1,647,230
06/13/2017	0.015015	0.018605	0.010409	0.018502	27,334	1,335,730
06/12/2017	0.013130	0.016855	0.013130	0.015201	16,216	1,168,070
06/11/2017	0.016568	0.016895	0.011993	0.013637	3,192	1,473,850
06/10/2017	0.015383	0.018548	0.015250	0.016614	23,225	1,368,440
06/09/2017	0.013584	0.016218	0.012981	0.015373	19,363	1,208,420
06/08/2017	0.015784	0.016319	0.013740	0.013884	7,841	1,404,170
06/07/2017	0.018285	0.019876	0.014062	0.015886	21,096	1,626,620
06/06/2017	0.022185	0.022190	0.016587	0.018283	31,588	1,973,570
06/05/2017	0.024057	0.025128	0.017183	0.022280	24,323	2,140,110
06/04/2017	0.021916	0.024937	0.021187	0.024036	36,306	1,873,510
06/03/2017	0.027499	0.027598	0.021575	0.021973	16,731	2,350,780
06/02/2017	0.028392	0.031616	0.022535	0.027421	92,518	2,427,130
06/01/2017	0.033756	0.035596	0.027849	0.028361	33,221	2,885,650
05/31/2017	0.033092	0.034282	0.028268	0.033848	95,981	2,828,910
05/30/2017	0.031398	0.034095	0.029199	0.033068	55,832	2,684,150
05/29/2017	0.028392	0.031916	0.027048	0.031301	67,690	2,427,150
05/28/2017	0.025755	0.030095	0.025180	0.028407	47,925	2,201,720
05/27/2017	0.025838	0.028015	0.021272	0.025583	67,580	2,208,780
05/26/2017	0.025578	0.036548	0.025409	0.025930	134,198	2,186,590
05/25/2017	0.024376	0.031781	0.023293	0.025729	83,737	2,083,790
05/24/2017	0.024390	0.025687	0.021717	0.024396	62,649	2,084,990
05/23/2017	0.022905	0.025027	0.022317	0.024356	32,865	1,958,050
05/22/2017	0.023203	0.026263	0.021420	0.022867	52,125	1,983,600
05/21/2017	0.021276	0.023532	0.020815	0.023203	58,703	1,818,850
05/20/2017	0.020421	0.021890	0.019947	0.021324	37,114	1,745,700
05/19/2017	0.020005	0.020635	0.017959	0.020464	40,896	1,710,150
05/18/2017	0.016629	0.020095	0.016569	0.020045	38,785	1,367,670
05/17/2017	0.016290	0.017652	0.013966	0.016674	28,237	1,339,740
05/16/2017	0.012652	0.016948	0.012513	0.016286	10,075	1,040,560
05/15/2017	0.018370	0.018734	0.011096	0.012634	15,495	1,510,810
05/14/2017	0.018412	0.020064	0.018103	0.018356	16,699	1,514,260
05/13/2017	0.019039	0.019050	0.013997	0.018346	25,896	1,565,830
05/12/2017	0.017302	0.021553	0.017302	0.019157	15,753	1,422,980
05/11/2017	0.026042	0.026584	0.015969	0.017289	8,782	2,141,820
05/10/2017	0.025212	0.037971	0.023678	0.026285	33,928	2,070,770
05/09/2017	0.026233	0.028096	0.014071	0.025262	26,733	2,121,740
05/08/2017	0.018431	0.027354	0.017857	0.026278	26,386	1,490,620
05/07/2017	0.015759	0.023973	0.015759	0.018408	29,588	1,270,110
05/06/2017	0.025338	0.025833	0.015454	0.015753	6,322	2,029,400
05/05/2017	0.027978	0.032202	0.013970	0.025184	43,533	2,227,610
05/04/2017	0.021872	0.030203	0.018598	0.027924	41,581	1,723,880
05/03/2017	0.028792	0.029298	0.020966	0.021867	9,831	2,230,960
05/02/2017	0.036883	0.040480	0.014946	0.028773	21,693	2,821,160
05/01/2017	0.039381	0.040128	0.020583	0.036725	36,235	3,008,960
04/30/2017	0.041503	0.042149	0.036304	0.039391	26,818	3,170,960
04/29/2017	0.023381	0.042891	0.022858	0.041695	52,612	1,783,470
04/28/2017	0.034334	0.035311	0.020386	0.023103	26,084	2,601,870
04/27/2017	0.030263	0.034762	0.030263	0.034447	31,538	2,269,590
04/26/2017	0.039077	0.039077	0.019400	0.023864	21,338	2,915,980
04/25/2017	0.040812	0.044674	0.036318	0.039091	21,726	2,991,680
04/24/2017	0.038622	0.041048	0.026934	0.040807	54,776	2,831,020
04/23/2017	0.016216	0.042497	0.016120	0.038553	46,135	1,184,050
04/22/2017	0.031025	0.037951	0.015912	0.016212	19,831	2,255,890
04/21/2017	0.023827	0.032014	0.023827	0.031040	27,499	1,713,760
04/20/2017	0.025258	0.025535	0.020932	0.023825	25,537	1,802,980
04/19/2017	0.027762	0.028050	0.021111	0.025252	22,801	1,955,670
04/18/2017	0.022895	0.027956	0.022725	0.027760	37,252	1,593,590
04/17/2017	0.024900	0.025477	0.022573	0.022896	10,787	1,733,110
04/16/2017	0.026420	0.026723	0.023528	0.024897	11,046	1,831,440
04/15/2017	0.024143	0.027392	0.023647	0.026419	13,021	1,665,640
04/14/2017	0.025930	0.028461	0.024107	0.024147	12,333	1,773,060
04/13/2017	0.030790	0.030877	0.023948	0.025915	9,644	2,038,130
04/12/2017	0.032079	0.035541	0.028028	0.030769	89,161	2,123,430
04/11/2017	0.034693	0.038054	0.032028	0.032080	80,216	2,281,760
04/10/2017	0.028523	0.035756	0.028479	0.034690	51,986	1,875,900
04/09/2017	0.031092	0.031162	0.028448	0.028527	19,454	2,030,640
04/08/2017	0.037832	0.037991	0.024072	0.031090	74,969	2,446,400
04/07/2017	0.029298	0.037841	0.029053	0.037841	51,843	1,877,180
04/06/2017	0.031441	0.033605	0.026835	0.029306	68,388	1,991,640
04/05/2017	0.041856	0.042460	0.024326	0.024330	23,701	2,635,960
04/04/2017	0.030937	0.033634	0.025888	0.031064	49,595	1,907,520
04/03/2017	0.030856	0.032104	0.030587	0.030924	35,656	1,901,750
04/02/2017	0.029325	0.031401	0.029325	0.030853	26,129	1,799,790
04/01/2017	0.029598	0.031331	0.029312	0.029322	37,637	1,808,580
03/31/2017	0.028591	0.029947	0.027026	0.029674	37,554	1,729,570
03/30/2017	0.029158	0.030215	0.027159	0.028591	33,147	1,742,320
03/29/2017	0.029864	0.030506	0.027451	0.029145	43,081	1,773,860
03/28/2017	0.029835	0.031033	0.029698	0.029885	45,166	1,732,940
03/27/2017	0.034248	0.035135	0.027043	0.029844	30,309	1,989,180
03/26/2017	0.027429	0.037132	0.020707	0.034193	51,321	1,585,470
03/25/2017	0.027612	0.028721	0.026915	0.027456	22,895	1,586,490
03/24/2017	0.032199	0.034607	0.027656	0.027656	14,579	1,832,680
03/23/2017	0.034447	0.036162	0.032183	0.032200	29,502	1,934,720
03/22/2017	0.036356	0.038395	0.033115	0.034443	35,934	2,028,180
03/21/2017	0.036175	0.040223	0.034008	0.036353	13,165	1,968,680
03/20/2017	0.037631	0.043797	0.032870	0.036168	70,420	2,047,840
03/19/2017	0.042446	0.042543	0.037274	0.037627	24,865	2,297,930
03/18/2017	0.041795	0.046794	0.035415	0.042435	55,181	2,248,910
03/17/2017	0.035704	0.044046	0.035323	0.041800	41,283	1,902,390
03/16/2017	0.045527	0.045637	0.035192	0.035825	15,050	2,393,540
03/15/2017	0.043649	0.046375	0.042977	0.045513	41,242	2,279,220
03/14/2017	0.046699	0.047187	0.043383	0.043647	47,283	2,377,010
03/13/2017	0.048630	0.050194	0.046683	0.046695	54,907	2,475,200
03/12/2017	0.047198	0.049613	0.044463	0.048760	37,108	2,388,390
03/11/2017	0.050099	0.051405	0.046804	0.047186	34,707	2,523,070
03/10/2017	0.049215	0.051440	0.047347	0.050102	44,258	2,449,650
03/09/2017	0.053704	0.053920	0.043491	0.049200	72,984	2,635,630
03/08/2017	0.047900	0.054860	0.046961	0.053471	35,585	2,333,180
03/07/2017	0.050227	0.050603	0.047595	0.047942	29,865	2,380,400
03/06/2017	0.049904	0.050893	0.046279	0.050050	24,640	2,365,010
03/05/2017	0.049530	0.050726	0.047909	0.049900	19,196	2,333,350
03/04/2017	0.051463	0.051517	0.049015	0.049546	15,794	2,411,940
03/03/2017	0.051437	0.052431	0.048514	0.051416	58,187	2,380,470
03/02/2017	0.053782	0.053833	0.050386	0.051441	36,624	2,453,850
03/01/2017	0.052298	0.054526	0.052298	0.053749	30,373	2,366,910
02/28/2017	0.053161	0.056527	0.052777	0.052777	17,929	2,338,100
02/27/2017	0.052653	0.054761	0.051656	0.053154	50,758	2,315,660
02/26/2017	0.056337	0.056400	0.048825	0.052667	47,134	2,461,860
02/25/2017	0.053006	0.059109	0.052888	0.056335	41,763	2,303,420
02/24/2017	0.051792	0.054346	0.051378	0.053064	28,632	2,220,260
02/23/2017	0.050066	0.056450	0.050033	0.051699	33,128	2,116,940
02/22/2017	0.055792	0.056549	0.049467	0.050247	36,167	2,338,760
02/21/2017	0.057401	0.057687	0.046394	0.055799	40,493	2,138,840
02/20/2017	0.048453	0.057413	0.048417	0.057405	27,467	1,805,320
02/19/2017	0.056233	0.059345	0.042733	0.048442	26,486	2,095,110
02/18/2017	0.053705	0.057091	0.046451	0.056228	36,757	2,000,840
02/17/2017	0.050568	0.056756	0.050548	0.053657	46,038	1,883,900
02/16/2017	0.055402	0.057035	0.046233	0.050591	30,954	2,059,310
02/15/2017	0.037763	0.055770	0.036006	0.055396	46,449	1,390,650
02/14/2017	0.040867	0.041500	0.036713	0.037700	6,343	1,451,180
02/13/2017	0.041911	0.042542	0.034521	0.040822	9,691	1,488,200
02/12/2017	0.037572	0.043202	0.033228	0.041923	37,351	1,323,580
02/11/2017	0.038257	0.041847	0.035343	0.037607	2,687	1,338,490
02/10/2017	0.034278	0.045665	0.034238	0.036701	5,665	1,181,930
02/09/2017	0.042012	0.051029	0.032816	0.034132	6,734	1,425,550
02/08/2017	0.039323	0.051626	0.036031	0.041594	7,475	1,320,810
02/07/2017	0.046473	0.050856	0.034881	0.038918	8,217	1,499,790
02/06/2017	0.050361	0.050857	0.039148	0.046780	5,108	1,625,200
02/05/2017	0.037305	0.054676	0.037305	0.048339	16,441	1,193,400
02/04/2017	0.041023	0.041393	0.034921	0.037283	3,547	1,305,790
02/03/2017	0.039056	0.041969	0.034957	0.040900	5,108	1,223,420
02/02/2017	0.037010	0.042139	0.037010	0.038537	8,662	1,139,050
02/01/2017	0.041741	0.041873	0.036566	0.037018	5,660	1,270,300
01/31/2017	0.037934	0.044468	0.036996	0.041741	5,158	1,104,530
01/30/2017	0.039870	0.044816	0.036843	0.039483	5,399	1,160,840
01/29/2017	0.041836	0.045028	0.038380	0.039853	6,862	1,210,440
01/28/2017	0.044555	0.046326	0.037243	0.042047	6,486	1,282,010
01/27/2017	0.041072	0.045858	0.041072	0.044728	3,785	1,160,990
01/26/2017	0.036089	0.043916	0.036082	0.041072	5,557	1,000,370
01/25/2017	0.041583	0.045180	0.034591	0.036055	14,816	1,138,390
01/24/2017	0.042064	0.046622	0.038962	0.041619	5,099	1,096,190
01/23/2017	0.046997	0.047232	0.041310	0.042568	7,584	1,224,720
01/22/2017	0.046365	0.048142	0.039219	0.046901	5,960	1,199,800
01/21/2017	0.044505	0.048774	0.043230	0.046345	12,161	1,144,570
01/20/2017	0.049097	0.049336	0.043417	0.044505	5,077	1,237,830
01/19/2017	0.046238	0.049769	0.043943	0.049166	6,259	1,140,430
01/18/2017	0.038883	0.052405	0.029833	0.046238	15,213	953,196
01/17/2017	0.040798	0.045698	0.033128	0.038822	5,829	946,453
01/16/2017	0.034492	0.040844	0.029539	0.040827	5,247	789,705
01/15/2017	0.033745	0.044920	0.032413	0.034494	4,043	716,982
01/14/2017	0.035403	0.050024	0.033510	0.033769	6,941	721,154
01/13/2017	0.036746	0.054232	0.034317	0.035354	3,759	729,757
01/12/2017	0.035754	0.049988	0.034669	0.036796	5,720	695,764
01/11/2017	0.045893	0.054293	0.033562	0.036196	4,878	886,202
01/10/2017	0.030595	0.063697	0.030584	0.045893	6,072	550,540
01/09/2017	0.059474	0.063631	0.028105	0.030608	3,090	1,070,200
01/08/2017	0.053823	0.062528	0.053248	0.059341	1,518	968,489
01/07/2017	0.060982	0.060982	0.050648	0.053847	2,929	1,076,510
01/06/2017	0.067316	0.069332	0.056856	0.060895	1,790	1,163,040
01/05/2017	0.078393	0.087073	0.045053	0.067258	6,130	1,320,120
01/04/2017	0.073592	0.078576	0.073592	0.078258	8,074	1,218,030
01/03/2017	0.073973	0.078533	0.071730	0.073552	9,442	1,127,030
01/02/2017	0.074793	0.076816	0.071466	0.073973	15,781	1,139,490
01/01/2017	0.069857	0.076255	0.069030	0.074771	5,497	1,064,280
12/31/2016	0.069330	0.073213	0.067167	0.069853	1,982	1,056,220
12/30/2016	0.069280	0.075105	0.066347	0.069374	16,982	1,029,450
12/29/2016	0.080012	0.080012	0.059497	0.069280	8,845	1,157,280
12/28/2016	0.069091	0.080179	0.053452	0.080077	17,522	989,012
12/27/2016	0.072603	0.091094	0.060764	0.068930	20,235	943,767
12/26/2016	0.077360	0.082390	0.066363	0.072603	9,819	1,005,600
12/25/2016	0.088004	0.088004	0.062588	0.077298	10,658	1,143,920
12/24/2016	0.084765	0.090895	0.066577	0.087893	7,631	1,101,810
12/23/2016	0.077156	0.091180	0.075589	0.084747	4,527	973,930
12/22/2016	0.085323	0.089240	0.074999	0.077153	32,599	969,704
12/21/2016	0.083255	0.086324	0.080607	0.085334	6,657	737,963
12/20/2016	0.082989	0.086162	0.079210	0.083275	9,359	735,608
12/19/2016	0.080869	0.085252	0.079153	0.083038	10,396	716,812
12/18/2016	0.081490	0.086867	0.078975	0.080852	9,531	722,314
12/17/2016	0.081584	0.084769	0.079253	0.081471	13,190	723,155
12/16/2016	0.079778	0.085181	0.078337	0.081557	6,313	-
12/15/2016	0.080969	0.083687	0.078024	0.079689	6,689	-
12/14/2016	0.082568	0.087146	0.078157	0.080969	11,344	-
12/13/2016	0.080420	0.087055	0.078382	0.082568	18,925	-
12/12/2016	0.082855	0.085920	0.078776	0.080362	7,975	-
12/11/2016	0.084004	0.086370	0.077355	0.082822	11,790	-
12/10/2016	0.078920	0.087159	0.078604	0.083993	7,298	-
12/09/2016	0.081210	0.086692	0.077794	0.078897	9,525	-
12/08/2016	0.081423	0.085722	0.078372	0.081421	11,960	-
12/07/2016	0.081616	0.087051	0.078813	0.081386	4,781	-
12/06/2016	0.083057	0.086968	0.078336	0.081618	6,513	-
12/05/2016	0.083352	0.087209	0.079535	0.083052	14,211	-
12/04/2016	0.085570	0.086388	0.079121	0.083314	10,464	-
12/03/2016	0.086786	0.086786	0.080166	0.085570	5,774	-
12/02/2016	0.085077	0.088180	0.082472	0.086726	11,328	-
12/01/2016	0.084247	0.085754	0.080593	0.084990	5,270	-
11/30/2016	0.082247	0.085354	0.033497	0.084250	22,801	-
11/29/2016	0.082834	0.082913	0.082139	0.082171	5,138	-
