Date	Open	High	Low	Close	Volume	Market Cap
7/4/2018	0.025822	0.031619	0.023225	0.029051	38,866	2,897,140
7/3/2018	0.026662	0.029088	0.025785	0.025831	11,899	2,991,340
7/2/2018	0.026191	0.029986	0.025387	0.026782	14,753	2,938,450
7/1/2018	0.030639	0.031014	0.025997	0.026187	13,773	3,437,490
6/30/2018	0.030021	0.033712	0.02987	0.030631	13,386	3,368,190
6/29/2018	0.03468	0.034859	0.028587	0.029984	11,721	3,890,910
6/28/2018	0.033188	0.035651	0.031773	0.034659	17,061	3,723,560
6/27/2018	0.034591	0.035074	0.031832	0.033172	23,866	3,880,940
6/26/2018	0.036602	0.037447	0.034577	0.034607	13,491	4,106,530
6/25/2018	0.038004	0.039307	0.03644	0.036602	28,430	4,263,850
6/24/2018	0.036555	0.039455	0.03569	0.038069	13,534	4,101,280
6/23/2018	0.037334	0.037802	0.03621	0.036561	7,395	4,188,630
6/22/2018	0.049203	0.050599	0.035974	0.037353	44,599	5,520,300
6/21/2018	0.045387	0.051566	0.041779	0.049244	138,012	5,092,220
6/20/2018	0.033655	0.060481	0.030014	0.045391	148,490	3,775,920
6/19/2018	0.039187	0.039424	0.032435	0.033635	32,892	4,396,600
6/18/2018	0.032132	0.042063	0.030138	0.039207	44,896	3,605,080
6/17/2018	0.033341	0.034755	0.030287	0.032237	19,842	3,740,670
6/16/2018	0.031401	0.043722	0.030642	0.033265	21,051	3,523,030
6/15/2018	0.036818	0.040584	0.030414	0.031512	30,848	4,130,740
6/14/2018	0.036058	0.038228	0.034698	0.036875	25,662	4,045,490
6/13/2018	0.03571	0.03689	0.032049	0.036072	21,584	4,006,520
6/12/2018	0.03069	0.036943	0.029458	0.03562	34,972	3,443,200
6/11/2018	0.021905	0.032635	0.02174	0.029623	57,221	2,457,610
6/10/2018	0.024788	0.024788	0.021492	0.021875	2,597	2,781,020
6/9/2018	0.024311	0.02667	0.024003	0.024763	14,665	2,727,530
6/8/2018	0.024436	0.02546	0.022203	0.024317	5,017	2,741,530
6/7/2018	0.023809	0.026689	0.023178	0.024417	16,338	2,671,270
6/6/2018	0.024349	0.024954	0.022287	0.023788	5,906	2,731,770
6/5/2018	0.024084	0.024951	0.02345	0.02436	7,776	2,702,090
6/4/2018	0.025473	0.025473	0.023255	0.024074	26,110	2,857,890
6/3/2018	0.020444	0.025261	0.020444	0.025261	26,040	2,293,680
6/2/2018	0.017052	0.02057	0.01677	0.020146	14,333	1,913,120
6/1/2018	0.019528	0.019614	0.01678	0.017058	4,310	2,190,890
5/31/2018	0.020353	0.02329	0.019493	0.019522	5,064	2,283,540
5/30/2018	0.015545	0.024533	0.01527	0.019894	50,544	1,744,030
5/29/2018	0.01331	0.01556	0.012853	0.015534	22,334	1,493,350
5/28/2018	0.012251	0.013586	0.012234	0.013315	10,102	1,374,530
5/27/2018	0.012407	0.012762	0.012132	0.012249	4,320	1,391,950
5/26/2018	0.012826	0.013244	0.012358	0.012413	978	1,438,960
5/25/2018	0.012906	0.013133	0.012539	0.012847	4,014	1,448,030
5/24/2018	0.013366	0.014178	0.012724	0.012885	3,997	1,499,610
5/23/2018	0.014572	0.014609	0.01329	0.013399	2,689	1,634,850
5/22/2018	0.015117	0.015128	0.014516	0.014585	3,889	1,696,000
5/21/2018	0.015324	0.015702	0.014951	0.01512	5,129	1,719,270
5/20/2018	0.014808	0.015632	0.014715	0.015305	2,665	1,661,420
5/19/2018	0.015085	0.015294	0.014353	0.014798	2,975	1,692,500
5/18/2018	0.015151	0.015386	0.014752	0.015087	2,793	1,699,830
5/17/2018	0.015351	0.01591	0.015049	0.015139	3,526	1,722,280
5/16/2018	0.015736	0.016256	0.014776	0.015342	14,890	1,765,470
5/15/2018	0.016032	0.017601	0.015657	0.015745	26,544	1,798,680
5/14/2018	0.016164	0.016393	0.015101	0.016058	6,663	1,813,460
5/13/2018	0.015785	0.016718	0.01479	0.016166	8,214	1,770,990
5/12/2018	0.014694	0.015892	0.01358	0.015789	9,770	1,648,580
5/11/2018	0.016677	0.016677	0.014598	0.014734	4,925	1,871,040
5/10/2018	0.016832	0.017865	0.01577	0.016661	34,295	1,888,460
5/9/2018	0.016303	0.016859	0.015511	0.016836	5,346	1,829,120
5/8/2018	0.016332	0.018211	0.016015	0.016326	19,620	1,832,340
5/7/2018	0.018199	0.018306	0.016089	0.016301	3,769	2,041,880
5/6/2018	0.019563	0.019978	0.017815	0.018188	6,125	2,194,840
5/5/2018	0.019411	0.02027	0.018971	0.019552	3,799	2,177,830
5/4/2018	0.018406	0.020453	0.017908	0.01942	19,090	2,065,090
5/3/2018	0.019128	0.019743	0.018095	0.018413	9,034	2,146,070
5/2/2018	0.018294	0.020189	0.01817	0.019128	12,940	2,052,460
5/1/2018	0.018618	0.019767	0.017472	0.018319	11,772	2,088,870
4/30/2018	0.016991	0.019309	0.016465	0.018603	14,706	1,906,310
4/29/2018	0.01735	0.017694	0.016841	0.016996	3,254	1,946,570
4/28/2018	0.016783	0.01762	0.016236	0.017356	10,370	1,882,950
4/27/2018	0.017922	0.018353	0.016378	0.016839	17,104	2,010,710
4/26/2018	0.016429	0.018196	0.01536	0.0179	8,054	1,843,250
4/25/2018	0.020602	0.020602	0.01631	0.016338	5,997	2,311,400
4/24/2018	0.018046	0.021706	0.017627	0.020722	18,438	2,024,610
4/23/2018	0.01842	0.021749	0.017921	0.018032	8,790	2,066,640
4/22/2018	0.016234	0.018614	0.015829	0.018455	6,171	1,821,390
4/21/2018	0.018575	0.019304	0.015638	0.016234	15,151	2,083,980
4/20/2018	0.017907	0.023299	0.015815	0.018518	29,295	2,009,100
4/19/2018	0.019462	0.019462	0.017383	0.017885	8,009	2,183,570
4/18/2018	0.017656	0.019484	0.016572	0.01945	5,219	1,980,860
4/17/2018	0.020425	0.021194	0.017635	0.01764	12,862	2,291,610
4/16/2018	0.021471	0.022215	0.019783	0.020416	5,546	2,408,930
4/15/2018	0.020977	0.02219	0.020977	0.021479	4,362	2,353,450
4/14/2018	0.021509	0.021972	0.020425	0.020956	6,542	2,413,220
4/13/2018	0.019547	0.022279	0.019104	0.021509	11,700	2,193,010
4/12/2018	0.018732	0.021819	0.018556	0.019524	12,159	2,101,650
4/11/2018	0.018668	0.020606	0.017486	0.018798	7,936	2,094,400
4/10/2018	0.018683	0.019238	0.017909	0.018654	9,013	2,096,130
4/9/2018	0.019611	0.019797	0.017761	0.018642	7,554	2,200,230
4/8/2018	0.019569	0.020342	0.019162	0.019593	3,991	2,195,590
4/7/2018	0.025397	0.030002	0.019059	0.019523	13,250	2,849,410
4/6/2018	0.02503	0.02604	0.018675	0.025418	19,572	2,808,210
4/5/2018	0.02531	0.027297	0.0184	0.025097	31,590	2,839,640
4/4/2018	0.029213	0.029226	0.018587	0.02533	14,300	3,277,480
4/3/2018	0.033443	0.033445	0.016516	0.029218	11,274	3,751,330
4/2/2018	0.030194	0.033435	0.016726	0.033431	28,678	3,385,920
4/1/2018	0.016702	0.032615	0.016296	0.030193	12,539	1,872,530
3/31/2018	0.043656	0.075675	0.016177	0.016715	16,240	4,893,040
3/30/2018	0.023273	0.045312	0.016283	0.043244	34,807	2,607,940
3/29/2018	0.022123	0.0247	0.018373	0.023358	17,733	2,478,400
3/28/2018	0.027406	0.027488	0.013237	0.022101	4,223	3,069,420
3/27/2018	0.022375	0.028243	0.020511	0.027405	18,295	2,505,280
3/26/2018	0.024001	0.02408	0.020284	0.02241	4,597	2,686,700
3/25/2018	0.023751	0.02479	0.023257	0.023867	2,381	2,658,110
3/24/2018	0.023227	0.030592	0.022853	0.024059	9,022	2,598,750
3/23/2018	0.02312	0.033441	0.022368	0.022972	26,760	2,586,140
3/22/2018	0.022929	0.02693	0.022517	0.023131	10,729	2,564,000
3/21/2018	0.035289	0.037061	0.02262	0.022909	11,906	3,945,070
3/20/2018	0.024256	0.036307	0.023662	0.035077	60,305	2,710,940
3/19/2018	0.023052	0.025684	0.022818	0.02405	18,220	2,575,660
3/18/2018	0.031527	0.035044	0.019385	0.023151	32,181	3,516,020
3/17/2018	0.023397	0.037225	0.022861	0.031564	55,978	2,609,330
3/16/2018	0.026774	0.029436	0.023371	0.023371	30,019	2,985,960
3/15/2018	0.026058	0.034785	0.024151	0.026784	34,587	2,906,100
3/14/2018	0.032671	0.039472	0.0253	0.026045	47,310	3,643,580
3/13/2018	0.039731	0.040505	0.025878	0.032404	51,607	4,431,050
3/12/2018	0.037122	0.046786	0.022285	0.039806	42,337	4,140,050
3/11/2018	0.075884	0.081928	0.024164	0.037227	16,989	8,462,960
3/10/2018	0.028382	0.076169	0.022947	0.076115	62,428	3,164,890
3/9/2018	0.034403	0.050954	0.017653	0.028356	53,590	3,835,430
3/8/2018	0.026311	0.394016	0.025709	0.034333	16,598	2,931,530
3/7/2018	0.037896	0.041634	0.02525	0.02633	35,755	4,222,400
3/6/2018	0.040961	0.04652	0.026549	0.037935	20,264	4,563,110
3/5/2018	0.05749	0.05749	0.039826	0.041077	22,180	6,402,830
3/4/2018	0.057773	0.063129	0.025646	0.057532	26,868	6,430,920
3/3/2018	0.049602	0.067254	0.046531	0.057868	35,744	5,521,310
3/2/2018	0.04883	0.062178	0.027399	0.049666	28,284	5,434,240
3/1/2018	0.04435	0.049908	0.026185	0.048924	17,480	4,934,410
2/28/2018	0.049614	0.051657	0.025235	0.0443	24,095	5,518,760
2/27/2018	0.050112	0.053081	0.027445	0.049672	39,702	5,572,680
2/26/2018	0.024174	0.05051	0.02216	0.049918	72,894	2,687,500
2/25/2018	0.027217	0.028384	0.022777	0.024714	17,653	3,025,090
2/24/2018	0.030069	0.048899	0.026294	0.027256	11,040	3,341,060
2/23/2018	0.037115	0.047144	0.016461	0.030188	34,860	4,123,080
2/22/2018	0.029876	0.040214	0.013687	0.037123	60,124	3,318,300
2/21/2018	0.040913	0.041604	0.027791	0.029938	18,762	4,543,380
2/20/2018	0.036589	0.052097	0.030785	0.040967	93,149	4,062,170
2/19/2018	0.032932	0.051339	0.029268	0.036479	43,198	3,655,350
2/18/2018	0.036536	0.037136	0.03299	0.033065	22,030	4,054,410
2/17/2018	0.048757	0.051593	0.03377	0.036442	13,933	6,657,060
2/16/2018	0.0327	0.049561	0.032266	0.048745	98,459	4,464,760
2/15/2018	0.038765	0.04746	0.034302	0.047409	79,543	5,292,870
2/14/2018	0.044745	0.06423	0.037115	0.038718	28,041	6,109,260
2/13/2018	0.04578	0.069336	0.034205	0.044873	114,851	6,250,600
2/12/2018	0.034258	0.046024	0.03189	0.045685	173,376	4,677,440
2/11/2018	0.034644	0.040033	0.028459	0.034023	196,211	3,830,210
2/10/2018	0.030655	0.042096	0.0269	0.034674	440,323	3,389,180
2/9/2018	0.029808	0.032154	0.027206	0.03123	18,655	3,295,500
2/8/2018	0.026645	0.030532	0.025965	0.029324	26,655	2,945,820
2/7/2018	0.028189	0.029427	0.025002	0.027354	12,340	3,116,490
2/6/2018	0.02605	0.028732	0.021436	0.028482	19,886	2,880,080
2/5/2018	0.032391	0.033128	0.025682	0.026019	14,959	3,581,120
2/4/2018	0.035284	0.03744	0.030719	0.032682	13,255	3,900,940
2/3/2018	0.035839	0.03868	0.032074	0.035256	30,605	3,960,170
2/2/2018	0.039245	0.039245	0.030353	0.035718	50,028	4,334,060
2/1/2018	0.041318	0.053726	0.036607	0.039286	76,720	4,560,350
1/31/2018	0.040622	0.044387	0.035006	0.041218	46,183	4,483,430
1/30/2018	0.038211	0.046587	0.029041	0.040524	51,391	4,217,350
1/29/2018	0.044424	0.045287	0.036105	0.039862	50,991	4,897,270
1/28/2018	0.047144	0.049642	0.041486	0.044732	42,926	5,195,910
1/27/2018	0.046435	0.048085	0.043768	0.046887	28,295	5,117,670
1/26/2018	0.047663	0.050158	0.043238	0.046037	10,324	5,249,960
1/25/2018	0.049277	0.050413	0.042188	0.04791	35,148	5,427,300
1/24/2018	0.046058	0.053908	0.044357	0.048509	41,197	5,069,540
1/23/2018	0.041245	0.060947	0.037198	0.045223	33,512	4,538,950
1/22/2018	0.045959	0.04721	0.03833	0.041403	19,183	5,055,640
1/21/2018	0.053584	0.053584	0.044419	0.045456	6,255	5,894,320
1/20/2018	0.048496	0.05687	0.048385	0.053466	48,704	5,333,230
1/19/2018	0.046574	0.050342	0.045007	0.048077	36,181	5,121,810
1/18/2018	0.046216	0.061863	0.038265	0.046891	24,426	5,082,310
1/17/2018	0.044175	0.047931	0.03609	0.046067	28,991	4,857,820
1/16/2018	0.055405	0.05627	0.039148	0.043856	21,245	6,091,760
1/15/2018	0.055529	0.060288	0.0555	0.055554	9,737	6,100,010
1/14/2018	0.059065	0.060483	0.05349	0.055894	14,117	6,488,370
1/13/2018	0.058259	0.06734	0.057168	0.059028	47,810	6,399,590
1/12/2018	0.058123	0.061595	0.053364	0.05832	37,121	6,374,390
1/11/2018	0.063189	0.064132	0.053291	0.057678	48,852	6,930,040
1/10/2018	0.059372	0.065375	0.057874	0.063255	25,251	6,508,730
1/9/2018	0.065379	0.077632	0.059344	0.059344	47,401	7,161,540
1/8/2018	0.070178	0.074238	0.06414	0.064882	39,511	7,679,010
1/7/2018	0.079732	0.082094	0.065286	0.070269	85,392	8,724,380
1/6/2018	0.075876	0.082588	0.071042	0.081157	57,406	8,299,080
1/5/2018	0.075341	0.079526	0.063343	0.075963	63,395	8,240,400
1/4/2018	0.080246	0.080973	0.068188	0.075282	36,779	8,776,160
1/3/2018	0.089359	0.089976	0.075089	0.079188	69,292	9,770,160
1/2/2018	0.070634	0.225968	0.070634	0.086027	130,667	7,720,770
1/1/2018	0.064751	0.07331	0.061775	0.070387	54,563	7,075,850
12/31/2017	0.057555	0.065022	0.053795	0.064532	36,315	6,287,840
12/30/2017	0.054964	0.060433	0.045792	0.058113	46,248	6,003,170
12/29/2017	0.059134	0.063589	0.045546	0.055212	35,054	6,457,150
12/28/2017	0.064669	0.065897	0.052697	0.058456	26,924	7,060,130
12/27/2017	0.059745	0.076648	0.057513	0.064765	39,119	6,522,550
12/26/2017	0.05145	0.076776	0.046496	0.058968	49,805	5,613,230
12/25/2017	0.059576	0.061838	0.050668	0.050668	23,804	6,499,700
12/24/2017	0.063655	0.063655	0.05262	0.057841	80,706	6,944,690
12/23/2017	0.058348	0.069041	0.056895	0.062499	100,522	6,365,520
12/22/2017	0.069405	0.070072	0.048442	0.057669	78,090	7,566,860
12/21/2017	0.075749	0.077011	0.067269	0.069077	92,144	8,258,400
12/20/2017	0.08578	0.091349	0.065963	0.075318	124,576	9,351,360
12/19/2017	0.143421	0.146418	0.071656	0.086348	143,552	15,634,900
12/18/2017	0.069604	0.147458	0.064902	0.142877	315,868	7,587,630
12/17/2017	0.041178	0.075357	0.038317	0.069411	137,723	4,488,750
12/16/2017	0.036378	0.041687	0.035267	0.041165	39,857	3,965,380
12/15/2017	0.032135	0.040339	0.03199	0.036332	49,653	3,502,810
12/14/2017	0.023206	0.032812	0.020272	0.032102	34,177	2,529,510
12/13/2017	0.026628	0.026957	0.022682	0.023269	13,366	2,902,480
12/12/2017	0.026125	0.02969	0.02531	0.026583	30,566	2,847,580
12/11/2017	0.031668	0.036891	0.025498	0.025955	18,518	3,451,760
12/10/2017	0.033483	0.035194	0.017527	0.031983	48,995	3,649,510
12/9/2017	0.025423	0.03989	0.023233	0.033349	58,465	2,770,830
12/8/2017	0.029172	0.02983	0.022542	0.025509	15,487	3,179,300
12/7/2017	0.025151	0.028478	0.024728	0.028338	43,457	2,741,020
12/6/2017	0.021289	0.028538	0.021289	0.02532	26,946	2,320,130
12/5/2017	0.037536	0.045268	0.021527	0.021527	42,929	4,090,740
12/4/2017	0.024749	0.037692	0.018548	0.037463	129,968	2,697,150
12/3/2017	0.011647	0.031958	0.011084	0.024642	41,320	1,268,790
12/2/2017	0.024552	0.03311	0.011456	0.01164	79,408	2,674,620
12/1/2017	0.03171	0.033095	0.022676	0.024578	95,823	3,454,330
11/30/2017	0.025071	0.031869	0.015285	0.031869	63,578	2,731,070
11/29/2017	0.026095	0.029724	0.018281	0.02468	82,466	2,842,590
11/28/2017	0.030641	0.030641	0.013588	0.026228	45,989	3,337,820
11/27/2017	0.030786	0.03182	0.022391	0.030541	71,460	3,353,110
11/26/2017	0.026466	0.036225	0.023661	0.030762	65,206	2,882,610
11/25/2017	0.035454	0.035807	0.022659	0.026457	21,220	3,860,660
11/24/2017	0.027954	0.037004	0.027724	0.035495	78,292	3,043,900
11/23/2017	0.039819	0.040298	0.027297	0.027297	26,397	4,335,880
11/22/2017	0.031542	0.04263	0.007589	0.039832	202,667	3,433,800
11/21/2017	0.031514	0.032948	0.025656	0.031483	20,507	3,430,630
11/20/2017	0.042022	0.042608	0.033147	0.033755	30,982	4,574,490
11/19/2017	0.034213	0.043548	0.032489	0.042142	52,858	3,724,720
11/18/2017	0.035658	0.038204	0.033001	0.034481	15,900	3,881,010
11/17/2017	0.036065	0.040609	0.034159	0.034932	47,570	3,925,170
11/16/2017	0.036043	0.038316	0.033568	0.035319	42,744	3,922,780
11/15/2017	0.033977	0.037541	0.033977	0.035985	9,875	3,697,890
11/14/2017	0.045157	0.046386	0.029569	0.034031	31,432	4,914,660
11/13/2017	0.043691	0.046987	0.032527	0.04506	80,537	4,755,120
11/12/2017	0.037393	0.048772	0.031824	0.043842	60,542	4,069,670
11/11/2017	0.062359	0.077634	0.036479	0.037453	37,723	6,786,650
11/10/2017	0.038246	0.072476	0.037528	0.062748	294,694	4,162,340
11/9/2017	0.041535	0.041535	0.036318	0.038095	32,992	4,520,310
11/8/2017	0.035429	0.041579	0.035429	0.041576	48,246	3,855,740
11/7/2017	0.029684	0.038925	0.029684	0.035535	58,758	3,230,470
11/6/2017	0.037408	0.042122	0.027503	0.029932	31,448	4,071,020
11/5/2017	0.034539	0.049987	0.033344	0.037246	62,477	3,758,810
11/4/2017	0.037715	0.040208	0.033526	0.035383	25,093	4,104,390
11/3/2017	0.035279	0.04615	0.030572	0.037841	31,410	3,839,170
11/2/2017	0.033843	0.044141	0.032123	0.034968	25,929	3,682,760
11/1/2017	0.032721	0.041445	0.023302	0.036384	35,122	3,560,720
10/31/2017	0.037127	0.040656	0.031866	0.033002	31,454	4,040,020
10/30/2017	0.04188	0.042772	0.033628	0.037255	26,931	4,555,400
10/29/2017	0.040505	0.04318	0.037445	0.042078	36,107	4,405,760
10/28/2017	0.038599	0.044096	0.038599	0.041188	24,219	4,198,420
10/27/2017	0.040119	0.04783	0.037582	0.038495	25,944	4,363,750
10/26/2017	0.03876	0.052272	0.037028	0.040095	40,833	4,215,710
10/25/2017	0.037603	0.040466	0.036061	0.038806	24,101	4,089,870
10/24/2017	0.043522	0.044701	0.036184	0.036626	26,600	4,733,500
10/23/2017	0.053422	0.06497	0.040452	0.043301	40,495	5,810,160
10/22/2017	0.078522	0.084302	0.051682	0.054979	29,390	8,539,870
10/21/2017	0.058121	0.114297	0.050184	0.089823	82,799	6,321,120
10/20/2017	0.053958	0.072435	0.046694	0.059904	47,309	5,868,160
10/19/2017	0.075103	0.08601	0.053679	0.053679	180,077	-
10/18/2017	0.040542	0.198383	0.034018	0.074476	285,440	-
10/17/2017	0.048735	0.059097	0.020763	0.040435	88,059	-
10/16/2017	0.026414	0.088092	0.025827	0.046821	80,788	-
10/15/2017	0.043957	0.2363	0.019026	0.026017	174,332	-
10/14/2017	0.001844	0.052228	0.001695	0.04387	32,429	-
10/13/2017	0.002019	0.002596	0.001775	0.001843	13,519	-
10/12/2017	0.001595	0.002063	0.001331	0.002013	17,759	-
10/11/2017	0.001678	0.002009	0.001368	0.001585	13,058	-
10/10/2017	0.002019	0.002165	0.001549	0.001676	12,495	-
10/9/2017	0.002215	0.002773	0.001778	0.002019	22,057	233,937
10/8/2017	0.001716	0.00252	0.001414	0.002217	45,838	181,269
10/7/2017	0.001081	0.003471	0.000952	0.001721	71,928	114,210
10/6/2017	0.001016	0.001086	0.000853	0.001081	5,634	107,346
10/5/2017	0.000964	0.00114	0.000847	0.001017	9,459	101,778
10/4/2017	0.001037	0.001122	0.000919	0.000963	2,464	109,568
10/3/2017	0.001074	0.001367	0.000822	0.001035	5,656	113,456
10/2/2017	0.001073	0.001263	0.000819	0.001075	10,434	113,331
10/1/2017	0.001169	0.001256	0.00099	0.001073	1,254	123,517
9/30/2017	0.001103	0.001237	0.00106	0.001169	684	116,484
9/29/2017	0.001079	0.001278	0.001069	0.001089	619	113,933
9/28/2017	0.001212	0.001288	0.001048	0.001082	2,614	128,003
9/27/2017	0.001278	0.001284	0.001114	0.001214	1,026	135,014
9/26/2017	0.001368	0.00139	0.001211	0.001282	552	144,468
9/25/2017	0.001299	0.001378	0.001116	0.00137	2,483	137,163
9/24/2017	0.00134	0.001431	0.001183	0.001295	995	141,495
9/23/2017	0.00127	0.001472	0.001106	0.00134	3,960	134,177
9/22/2017	0.001156	0.001466	0.001116	0.001274	4,069	122,145
9/21/2017	0.002071	0.002096	0.001095	0.001147	4,834	218,705
9/20/2017	0.001392	0.003103	0.001317	0.002082	7,403	147,027
9/19/2017	0.001664	0.001713	0.001145	0.001394	6,229	175,796
9/18/2017	0.001299	0.001765	0.001211	0.001662	2,326	137,246
9/17/2017	0.001722	0.001722	0.001232	0.00127	1,173	181,885
9/16/2017	0.001339	0.002331	0.001197	0.001721	12,888	141,411
9/15/2017	0.001569	0.001686	0.000997	0.001363	5,012	165,742
9/14/2017	0.001448	0.001986	0.001365	0.001555	16,791	152,922
9/13/2017	0.00107	0.001541	0.001012	0.001448	15,525	113,011
9/12/2017	0.001613	0.003735	0.000999	0.001074	11,996	170,386
9/11/2017	0.001079	0.001681	0.000911	0.001612	13,807	113,930
9/10/2017	0.001253	0.001253	0.001047	0.001085	711	132,302
9/9/2017	0.001617	0.00162	0.000996	0.001251	1,831	170,734
9/8/2017	0.001573	0.002382	0.001395	0.001615	12,104	166,146
9/7/2017	0.001312	0.001987	0.001032	0.001573	21,569	138,600
9/6/2017	0.001505	0.001929	0.00124	0.001322	2,578	158,912
9/5/2017	0.001598	0.00174	0.001426	0.00151	3,319	168,739
9/4/2017	0.001551	0.001637	0.001165	0.001591	7,272	163,830
9/3/2017	0.001418	0.001675	0.001418	0.001551	1,996	149,763
9/2/2017	0.00159	0.001625	0.001404	0.001438	861	167,902
9/1/2017	0.001845	0.001981	0.001542	0.001593	1,503	194,877
8/31/2017	0.002356	0.002356	0.001767	0.002121	1,305	248,789
8/30/2017	0.001872	0.002356	0.001638	0.002356	665	197,727
8/29/2017	0.001581	0.0024	0.001538	0.001873	1,605	166,969
8/28/2017	0.002504	0.002598	0.000545	0.001548	7,553	264,422
8/27/2017	0.002148	0.002664	0.001533	0.002483	1,964	226,886
8/26/2017	0.003537	0.003612	0.002433	0.002788	1,287	373,580
8/25/2017	0.002135	0.003954	0.00177	0.003452	3,975	225,524
8/24/2017	0.001727	0.002146	0.001704	0.002143	2,275	182,455
8/23/2017	0.001837	0.001899	0.001306	0.001545	1,401	194,060
8/22/2017	0.001896	0.002114	0.001735	0.00184	815	200,217
8/21/2017	0.00202	0.002159	0.001872	0.001883	1,088	213,383
8/20/2017	0.002015	0.002219	0.001866	0.001921	2,584	212,786
8/19/2017	0.002156	0.002203	0.00191	0.002022	1,382	227,744
8/18/2017	0.002113	0.002183	0.001792	0.002161	1,334	223,129
8/17/2017	0.002696	0.002726	0.001923	0.002139	2,294	284,800
8/16/2017	0.002528	0.002699	0.001519	0.002699	18,606	266,995
8/15/2017	0.002126	0.002934	0.001205	0.00251	11,090	224,506
8/14/2017	0.003335	0.00361	0.00207	0.002121	7,039	352,254
8/13/2017	0.002608	0.003881	0.002012	0.003333	11,008	275,449
8/12/2017	0.00387	0.003916	0.002447	0.002621	6,145	408,764
8/11/2017	0.003347	0.005147	0.002235	0.003876	10,394	353,558
8/10/2017	0.006115	0.008332	0.002232	0.003348	10,818	645,821
8/9/2017	0.001942	0.007436	0.001724	0.006123	9,307	205,106
8/8/2017	0.001905	0.002499	0.001722	0.002085	3,406	201,173
8/7/2017	0.00205	0.021957	0.001872	0.001878	2,433	216,467
8/6/2017	0.002026	0.002064	0.001781	0.002064	740	213,961
8/5/2017	0.00169	0.002047	0.001594	0.001997	1,015	178,489
8/4/2017	0.00185	0.002098	0.001647	0.001683	1,628	195,370
8/3/2017	0.001695	0.002002	0.001585	0.001847	1,381	178,983
8/2/2017	0.00195	0.002084	0.001643	0.001687	2,537	206,004
8/1/2017	0.00232	0.002553	0.001915	0.001951	710	245,032
7/31/2017	0.002019	0.002327	0.001677	0.002312	3,201	213,287
7/30/2017	0.002111	0.002212	0.001773	0.002019	1,511	222,944
7/29/2017	0.002365	0.002492	0.001761	0.002092	4,938	249,796
7/28/2017	0.002293	0.003102	0.002196	0.002292	3,717	242,189
7/27/2017	0.00273	0.00323	0.002188	0.002267	2,165	288,305
7/26/2017	0.002999	0.003	0.002386	0.002729	980	316,709
7/25/2017	0.003301	0.003504	0.002972	0.002998	6,026	348,618
7/24/2017	0.003731	0.004124	0.003179	0.003262	27,852	394,042
7/23/2017	0.003809	0.00427	0.003205	0.00371	27,849	402,347
7/22/2017	0.00412	0.00412	0.00321	0.003809	29,786	435,113
7/21/2017	0.003821	0.004313	0.003166	0.004119	38,391	403,560
7/20/2017	0.004405	0.004783	0.003554	0.003814	31,462	465,237
7/19/2017	0.005327	0.005353	0.003676	0.004444	27,863	562,635
7/18/2017	0.005041	0.005598	0.003492	0.00532	26,903	532,474
7/17/2017	0.004094	0.005339	0.003386	0.004091	60,684	432,386
7/16/2017	0.004347	0.004388	0.003198	0.004102	77,984	459,084
7/15/2017	0.00454	0.00454	0.002955	0.004346	112,424	479,463
7/14/2017	0.003461	0.004827	0.002981	0.00338	69,965	365,533
7/13/2017	0.003523	0.004645	0.003039	0.003948	99,905	372,075
7/12/2017	0.004552	0.004964	0.003135	0.004293	92,780	480,823
7/11/2017	0.004897	0.00528	0.003214	0.004553	69,822	517,217
7/10/2017	0.00514	0.005338	0.004613	0.004904	75,680	542,929
7/9/2017	0.00469	0.005394	0.00469	0.005118	78,519	495,328
7/8/2017	0.005453	0.005534	0.004646	0.004906	62,167	575,950
7/7/2017	0.005651	0.005704	0.005154	0.005464	70,362	596,851
7/6/2017	0.005402	0.005679	0.005104	0.005679	81,425	570,515
7/5/2017	0.005316	0.005492	0.005079	0.005376	86,729	561,453
7/4/2017	0.005702	0.005702	0.00518	0.005314	85,105	602,221
7/3/2017	0.005883	0.006345	0.005182	0.005661	75,533	621,347
7/2/2017	0.006356	0.007043	0.005156	0.005644	73,033	671,322
7/1/2017	0.006416	0.00706	0.006066	0.006224	78,064	677,600
6/30/2017	0.006179	0.007071	0.006076	0.006269	68,475	652,644
6/29/2017	0.006816	0.00706	0.006082	0.006186	77,493	719,924
6/28/2017	0.007006	0.007568	0.00646	0.006816	71,044	739,920
6/27/2017	0.007246	0.007793	0.006584	0.006782	74,778	765,349
6/26/2017	0.008082	0.008468	0.007056	0.007246	79,912	853,590
6/25/2017	0.007328	0.008444	0.006959	0.00807	92,109	773,959
6/24/2017	0.007707	0.007933	0.006804	0.00737	83,893	814,024
6/23/2017	0.00813	0.009011	0.007281	0.007708	83,386	858,692
6/22/2017	0.007944	0.008796	0.007385	0.007939	93,921	839,063
6/21/2017	0.007789	0.008877	0.007305	0.007666	63,046	822,661
6/20/2017	0.007658	0.008781	0.007191	0.007803	66,885	808,821
6/19/2017	0.00904	0.009224	0.007013	0.008725	64,100	954,750
6/18/2017	0.008718	0.00925	0.007805	0.009013	59,139	920,806
6/17/2017	0.009968	0.010043	0.007831	0.008743	59,114	1,052,840
6/16/2017	0.009492	0.010542	0.009175	0.00997	67,908	1,002,500
6/15/2017	0.009847	0.010859	0.009212	0.009492	55,019	1,039,990
6/14/2017	0.0098	0.010873	0.009264	0.009852	56,063	1,035,030
6/13/2017	0.01	0.010932	0.009076	0.010494	60,553	1,056,160
6/12/2017	0.009938	0.011347	0.009578	0.010003	59,217	1,049,600
6/11/2017	0.01072	0.011362	0.009694	0.009913	55,315	1,132,200
6/10/2017	0.010128	0.011396	0.009691	0.010729	77,644	1,069,730
6/9/2017	0.01045	0.012012	0.009683	0.009918	54,231	1,103,730
6/8/2017	0.01058	0.012175	0.009145	0.01129	60,747	1,117,440
6/7/2017	0.009154	0.012332	0.009154	0.010955	61,586	966,841
6/6/2017	0.011145	0.012241	0.008369	0.009153	53,610	1,177,110
6/5/2017	0.010511	0.012116	0.010237	0.011072	70,209	1,110,170
6/4/2017	0.010986	0.011541	0.010258	0.010553	56,778	1,160,280
6/3/2017	0.01095	0.011688	0.009587	0.010261	45,541	1,156,550
6/2/2017	0.011714	0.011989	0.00884	0.010944	66,653	1,237,220
6/1/2017	0.008055	0.011712	0.007948	0.011712	54,309	850,711
5/31/2017	0.008332	0.00876	0.007636	0.007956	6,486	880,027
5/30/2017	0.008674	0.009084	0.008186	0.008306	6,570	916,183
5/29/2017	0.008462	0.008939	0.008034	0.008665	6,125	893,738
5/28/2017	0.008594	0.009211	0.007941	0.008478	4,284	907,650
5/27/2017	0.007867	0.008797	0.007295	0.008545	12,286	830,877
5/26/2017	0.007968	0.009216	0.007835	0.007845	5,274	841,602
5/25/2017	0.008729	0.0096	0.007637	0.008023	8,172	921,964
5/24/2017	0.009702	0.009733	0.008515	0.008743	9,707	1,024,750
5/23/2017	0.007605	0.009697	0.007551	0.009697	9,274	803,192
5/22/2017	0.007521	0.00827	0.007332	0.007615	12,793	794,338
5/21/2017	0.008439	0.008719	0.007495	0.007495	10,105	891,352
5/20/2017	0.016461	0.016676	0.008041	0.008442	7,051	1,738,620
5/19/2017	0.020115	0.020891	0.015554	0.016461	25,285	2,124,530
5/18/2017	0.01971	0.020625	0.013705	0.020115	58,109	2,081,790
5/17/2017	0.019456	0.019864	0.018413	0.019702	107,209	2,054,940
5/16/2017	0.020431	0.020447	0.01894	0.01947	64,011	2,157,910
5/15/2017	0.011322	0.020482	0.008601	0.020431	117,983	1,195,840
5/14/2017	0.020367	0.02057	0.007185	0.011322	57,599	2,151,090
5/13/2017	0.0195	0.021408	0.01947	0.020368	76,945	2,059,550
5/12/2017	0.020899	0.021119	0.007086	0.019499	117,383	2,207,300
5/11/2017	0.020894	0.020904	0.008175	0.020897	137,787	2,206,780
5/10/2017	0.011854	0.020896	0.00841	0.020896	79,331	1,252,000
5/9/2017	0.014208	0.017065	0.011163	0.011853	11,863	1,500,630
5/8/2017	0.019409	0.01942	0.009671	0.014207	28,772	2,049,930
5/7/2017	0.018726	0.020024	0.018699	0.019362	118,077	1,977,850
5/6/2017	0.017398	0.021888	0.017398	0.018777	129,159	1,837,590
5/5/2017	0.010813	0.017725	0.00555	0.017418	60,627	1,142,090
5/4/2017	0.018405	0.018465	0.005767	0.010812	12,172	1,833,430
5/3/2017	0.018664	0.019278	0.017478	0.018405	46,913	1,859,300
5/2/2017	0.018893	0.01959	0.018207	0.018663	114,624	1,882,100
5/1/2017	0.015187	0.021575	0.015051	0.018895	95,465	1,512,880
4/30/2017	0.015398	0.01597	0.00729	0.015186	79,495	1,533,970
4/29/2017	0.015472	0.016643	0.015346	0.015444	70,790	1,525,840
4/28/2017	0.016147	0.017081	0.014965	0.015473	73,815	1,592,400
4/27/2017	0.019786	0.01984	0.015789	0.016147	81,759	1,951,250
4/26/2017	0.015085	0.021038	0.013659	0.019786	71,701	1,487,640
4/25/2017	0.017746	0.017881	0.009704	0.015088	70,960	1,750,100
4/24/2017	0.013649	0.017762	0.006665	0.017746	77,198	1,277,790
4/23/2017	0.016648	0.016854	0.007166	0.013641	44,110	1,558,540
4/22/2017	0.017676	0.018075	0.015764	0.01668	46,922	1,654,770
4/21/2017	0.018708	0.018979	0.008115	0.017676	65,827	1,751,370
4/20/2017	0.018448	0.019189	0.013994	0.018707	85,874	1,727,100
4/19/2017	0.019219	0.019219	0.009284	0.018451	72,791	1,799,220
4/18/2017	0.022543	0.022543	0.015292	0.019212	47,045	2,110,420
4/17/2017	0.019837	0.024233	0.019837	0.022543	247,041	1,857,080
4/16/2017	0.022826	0.023538	0.018418	0.019837	81,538	2,136,910
4/15/2017	0.010159	0.023832	0.009729	0.022817	91,456	951,064
4/14/2017	0.025359	0.02544	0.009735	0.010159	54,192	2,374,120
4/13/2017	0.023994	0.025366	0.023793	0.02536	131,516	2,246,290
4/12/2017	0.022445	0.023993	0.010477	0.023993	146,887	2,101,260
4/11/2017	0.022142	0.023701	0.017925	0.022444	304,547	2,072,920
4/10/2017	0.024199	0.024811	0.022139	0.022144	67,954	2,265,470
4/9/2017	0.024341	0.027179	0.021894	0.02417	95,329	2,278,780
4/8/2017	0.024302	0.02465	0.024257	0.024328	327,569	2,275,090
4/7/2017	0.021422	0.024731	0.021384	0.02432	252,515	2,005,510
4/6/2017	0.021242	0.021423	0.017263	0.021423	384,967	1,988,640
4/5/2017	0.019341	0.0213	0.018948	0.021242	252,017	1,810,700
4/4/2017	0.019488	0.019614	0.013881	0.01934	159,317	1,727,000
4/3/2017	0.019546	0.019734	0.019385	0.019509	240,926	1,732,180
4/2/2017	0.018608	0.019548	0.01701	0.019548	217,575	1,648,970
4/1/2017	0.013136	0.019515	0.012639	0.018562	160,855	1,164,110
3/31/2017	0.019599	0.019708	0.012032	0.013137	25,293	1,736,870
3/30/2017	0.029119	0.029127	0.010384	0.019597	177,294	2,580,510
3/29/2017	0.023295	0.02914	0.010987	0.029125	139,891	2,064,360
3/28/2017	0.024257	0.029853	0.010905	0.023326	23,980	2,149,620
3/27/2017	0.011413	0.024731	0.010639	0.024282	21,186	1,011,410
3/26/2017	0.020683	0.026952	0.010324	0.011351	16,024	1,832,860
3/25/2017	0.015665	0.029659	0.010455	0.020471	19,755	1,231,580
3/24/2017	0.019076	0.023576	0.011154	0.015679	24,794	1,499,730
3/23/2017	0.030165	0.030262	0.011603	0.019074	23,494	2,259,900
3/22/2017	0.027191	0.030327	0.013112	0.030075	28,146	2,037,100
3/21/2017	0.020644	0.030523	0.01253	0.027111	23,971	1,546,610
3/20/2017	0.01488	0.020652	0.011041	0.020543	68,644	1,040,380
3/19/2017	0.014461	0.015718	0.013898	0.014855	27,816	1,011,070
3/18/2017	0.016033	0.016657	0.013276	0.01442	24,243	1,121,020
3/17/2017	0.022816	0.022816	0.014105	0.016426	45,365	1,595,280
3/16/2017	0.013449	0.027953	0.012576	0.023139	46,341	940,359
3/15/2017	0.020757	0.021202	0.011367	0.013357	27,771	1,451,270
3/14/2017	0.011106	0.024611	0.009631	0.020754	85,626	776,491
3/13/2017	0.009313	0.011118	0.008933	0.011104	21,188	651,151
3/12/2017	0.009515	0.009544	0.008859	0.009296	9,069	665,290
3/11/2017	0.009543	0.018709	0.009228	0.009511	9,507	667,251
3/10/2017	0.008971	0.011453	0.008541	0.009543	25,060	627,261
3/9/2017	0.008677	0.010262	0.008505	0.008968	12,393	606,677
3/8/2017	0.009571	0.010186	0.008448	0.008676	12,964	669,220
3/7/2017	0.01082	0.012526	0.007829	0.009574	36,315	756,536
3/6/2017	0.010763	0.010993	0.010379	0.010817	5,352	752,564
3/5/2017	0.011901	0.012188	0.010332	0.010737	11,400	832,132
3/4/2017	0.015863	0.016811	0.011725	0.011905	30,441	1,109,150
3/3/2017	0.013874	0.016605	0.009042	0.015839	38,223	970,068
3/2/2017	0.015704	0.016332	0.01368	0.013878	32,625	1,098,020
3/1/2017	0.014401	0.015678	0.009788	0.015678	34,313	1,006,920
2/28/2017	0.01483	0.01574	0.012778	0.0144	45,295	1,036,920
2/27/2017	0.014286	0.015132	0.011268	0.014821	43,419	998,839
2/26/2017	0.014441	0.015786	0.01232	0.014303	55,049	1,009,700
2/25/2017	0.013723	0.014995	0.012745	0.014436	54,081	959,482
2/24/2017	0.013868	0.014375	0.011784	0.013759	44,473	969,641
2/23/2017	0.012221	0.014578	0.01221	0.013797	51,288	854,471
2/22/2017	0.013159	0.014281	0.012123	0.012223	65,046	920,034
2/21/2017	0.014077	0.014656	0.01199	0.013165	55,773	984,268
2/20/2017	0.012802	0.015238	0.011114	0.014082	92,534	895,115
2/19/2017	0.011626	0.014408	0.010708	0.012792	64,544	812,897
2/18/2017	0.012433	0.014907	0.01149	0.011494	64,680	869,273
2/17/2017	0.012833	0.017103	0.012214	0.012234	55,515	897,275
2/16/2017	0.013715	0.015846	0.012604	0.012861	63,335	958,965
2/15/2017	0.014387	0.019369	0.013484	0.013714	76,365	1,005,890
2/14/2017	0.013637	0.016919	0.012218	0.014383	125,062	953,497
2/13/2017	0.015075	0.015356	0.01304	0.013628	20,906	1,054,050
2/12/2017	0.017049	0.018791	0.013968	0.015095	115,227	1,192,050
2/11/2017	0.01358	0.018723	0.013066	0.016998	89,251	949,526
2/10/2017	0.017975	0.020089	0.0136	0.013625	138,385	1,256,780
2/9/2017	0.01346	0.018026	0.013234	0.018021	158,230	941,072
2/8/2017	0.012961	0.018406	0.012848	0.013447	116,892	832,366
2/7/2017	0.01787	0.020294	0.01281	0.012959	208,078	1,147,570
2/6/2017	0.017678	0.018401	0.016852	0.017838	18,345	1,135,250
2/5/2017	0.01787	0.02233	0.016967	0.01766	66,198	1,147,580
2/4/2017	0.020512	0.023659	0.017561	0.017861	54,557	1,317,240
2/3/2017	0.019044	0.020559	0.01569	0.020513	261,957	1,222,970
2/2/2017	0.017669	0.021171	0.017089	0.019042	88,353	1,134,690
2/1/2017	0.020359	0.020438	0.01713	0.017569	11,068	1,307,420
1/31/2017	0.018622	0.020591	0.018096	0.020353	68,910	1,195,860
1/30/2017	0.018585	0.022131	0.017541	0.018623	83,772	1,193,510
1/29/2017	0.018628	0.022929	0.018474	0.018627	50,685	1,196,250
1/28/2017	0.018493	0.025716	0.018392	0.018629	120,568	1,187,600
1/27/2017	0.023795	0.038102	0.018494	0.018494	46,475	1,528,100
1/26/2017	0.019999	0.026617	0.018807	0.023795	50,691	1,284,330
1/25/2017	0.017903	0.03476	0.017567	0.019995	37,329	1,149,730
1/24/2017	0.027123	0.028476	0.017578	0.017896	12,786	1,741,780
1/23/2017	0.026175	0.029018	0.024881	0.0274	14,627	1,680,930
1/22/2017	0.064173	0.06763	0.025335	0.02617	20,012	4,121,100
1/21/2017	0.048316	0.069489	0.018562	0.064174	17,730	3,102,780
1/20/2017	0.036847	0.050278	0.018306	0.04828	23,511	2,366,300
1/19/2017	0.03586	0.05815	0.03465	0.036853	34,169	2,302,910
1/18/2017	0.056875	0.05715	0.030056	0.035727	36,214	3,635,400
1/17/2017	0.047355	0.075836	0.04722	0.056857	16,937	3,026,900
1/16/2017	0.052024	0.053199	0.017714	0.047344	18,020	3,325,280
1/15/2017	0.04019	0.059281	0.017806	0.052025	15,258	2,568,870
1/14/2017	0.02875	0.05947	0.028614	0.040205	21,376	1,837,670
1/13/2017	0.100022	0.100746	0.028075	0.028702	54,108	6,393,290
1/12/2017	0.05815	0.103356	0.020374	0.100142	82,802	3,716,890
1/11/2017	0.061717	0.066058	0.042736	0.058156	44,473	3,944,850
1/10/2017	0.050461	0.068276	0.049362	0.061683	48,345	3,225,400
1/9/2017	0.04923	0.057768	0.047434	0.050486	50,432	3,146,210
1/8/2017	0.050523	0.053823	0.045215	0.049161	33,717	3,228,850
1/7/2017	0.038657	0.050522	0.018445	0.050522	21,359	2,470,500
1/6/2017	0.019567	0.051416	0.018872	0.03859	31,035	1,250,490
1/5/2017	0.033815	0.034343	0.018267	0.019503	10,475	2,161,060
1/4/2017	0.032251	0.036952	0.021769	0.03378	44,193	2,057,570
1/3/2017	0.030278	0.032258	0.021418	0.032258	23,512	1,931,710
1/2/2017	0.046017	0.053912	0.021506	0.030274	36,965	2,935,830
1/1/2017	0.018919	0.049766	0.018707	0.045992	77,077	1,207,010
12/31/2016	0.043222	0.048057	0.018118	0.018916	30,720	2,757,490
12/30/2016	0.045448	0.045449	0.017288	0.043216	79,304	2,899,540
12/29/2016	0.038685	0.047507	0.017037	0.045452	42,536	2,468,080
12/28/2016	0.016139	0.04337	0.015466	0.038679	49,684	1,029,640
12/27/2016	0.017803	0.041938	0.016116	0.016175	13,337	1,135,800
12/26/2016	0.029897	0.038753	0.017019	0.017493	19,087	1,907,390
12/25/2016	0.023107	0.037052	0.017054	0.029942	54,341	1,474,210
12/24/2016	0.019752	0.027006	0.016456	0.023223	58,092	1,260,180
12/23/2016	0.023421	0.026734	0.014333	0.019828	72,471	1,494,210
12/22/2016	0.031556	0.032253	0.017901	0.023429	75,285	2,013,240
12/21/2016	0.01864	0.034313	0.017407	0.031544	54,682	1,189,230
12/20/2016	0.020228	0.020228	0.017092	0.018651	21,651	1,290,540
12/19/2016	0.018771	0.021752	0.016974	0.020233	27,059	1,197,540
12/18/2016	0.017724	0.022269	0.01771	0.018764	26,775	1,130,800
12/17/2016	0.017605	0.022186	0.016165	0.017724	38,748	1,123,180
12/16/2016	0.020973	0.021778	0.017245	0.017605	26,857	1,191,240
12/15/2016	0.020225	0.025259	0.019786	0.02098	26,013	1,148,740
12/14/2016	0.023541	0.034166	0.01814	0.020218	61,428	1,219,400
12/13/2016	0.02661	0.026941	0.02355	0.02357	19,255	1,311,830
12/12/2016	0.026305	0.031493	0.026281	0.026614	19,742	1,296,800
12/11/2016	0.026353	0.026981	0.025696	0.026298	13,740	1,299,150
12/10/2016	0.02662	0.026782	0.025883	0.026357	9,789	1,312,330
12/9/2016	0.026982	0.027627	0.025799	0.026574	17,664	1,330,200
12/8/2016	0.025583	0.026997	0.025388	0.026988	19,430	1,261,230
12/7/2016	0.024412	0.03256	0.024412	0.025584	20,953	1,203,490
12/6/2016	0.023984	0.027163	0.02324	0.024412	27,081	1,182,360
12/5/2016	0.025929	0.026255	0.020623	0.023983	33,774	1,278,270
12/4/2016	0.02691	0.027822	0.024793	0.025823	27,210	1,326,620
12/3/2016	0.026147	0.029765	0.026038	0.02674	34,792	1,289,010
12/2/2016	0.027356	0.030174	0.025811	0.026139	29,386	1,348,610
12/1/2016	0.030094	0.031767	0.025657	0.02732	27,351	1,483,570
11/30/2016	0.030381	0.032186	0.030024	0.030094	31,403	1,497,770
11/29/2016	0.030588	0.032787	0.030153	0.030385	25,293	1,507,930
11/28/2016	0.03411	0.034202	0.030524	0.030586	22,562	1,681,570
11/27/2016	0.030302	0.034491	0.030302	0.034107	19,256	1,493,830
11/26/2016	0.03221	0.033016	0.029139	0.030311	21,136	1,587,910
11/25/2016	0.028127	0.033169	0.028127	0.032209	28,664	1,386,640
11/24/2016	0.032526	0.034696	0.025645	0.028237	13,422	1,603,510
11/23/2016	0.034612	0.036847	0.03128	0.032526	47,845	1,706,350
11/22/2016	0.034081	0.038372	0.030633	0.034613	26,130	1,680,170
11/21/2016	0.039319	0.041879	0.033267	0.034097	36,114	1,938,360
11/20/2016	0.04233	0.043618	0.039223	0.039317	21,582	2,086,820
11/19/2016	0.042163	0.047084	0.041643	0.042323	55,996	1,831,940
11/18/2016	0.039595	0.044749	0.039285	0.042174	36,990	1,720,340
11/17/2016	0.044805	0.045551	0.038975	0.039438	28,633	1,946,720
11/16/2016	0.046349	0.049134	0.039798	0.04491	41,213	2,013,790
11/15/2016	0.049088	0.050663	0.046346	0.046378	38,510	2,132,830
11/14/2016	0.04915	0.063642	0.048491	0.049074	65,750	2,135,490
11/13/2016	0.050426	0.052272	0.048284	0.049101	15,644	2,190,940
11/12/2016	0.050926	0.054769	0.05013	0.050462	15,233	2,212,660
11/11/2016	0.050377	0.055187	0.049802	0.050926	26,505	2,188,830
11/10/2016	0.050592	0.067858	0.04422	0.050184	49,071	2,198,150
11/9/2016	0.049114	0.067218	0.047676	0.050585	78,368	2,133,920
11/8/2016	0.045737	0.051882	0.04437	0.048813	31,896	1,987,220
11/7/2016	0.048185	0.056616	0.0454	0.045722	23,724	2,093,580
11/6/2016	0.04868	0.054766	0.0438	0.048126	74,651	2,115,100
11/5/2016	0.043235	0.057697	0.042771	0.048379	36,236	1,878,520
11/4/2016	0.049078	0.049839	0.040818	0.043243	23,852	2,132,390
11/3/2016	0.053947	0.074862	0.047626	0.048888	85,368	2,343,920
11/2/2016	0.064166	0.06449	0.04271	0.053899	62,192	2,787,840
11/1/2016	0.050449	0.068148	0.041514	0.064161	111,177	2,191,890
10/31/2016	0.057789	0.074116	0.04434	0.050486	67,515	2,510,790
10/30/2016	0.051858	0.070883	0.049826	0.057805	146,565	2,253,120
10/29/2016	0.054461	0.054556	0.044458	0.051869	56,380	1,767,120
10/28/2016	0.062902	0.064786	0.044412	0.054534	71,815	2,041,000
10/27/2016	0.052033	0.076234	0.049237	0.062862	87,025	1,688,330
10/26/2016	0.052533	0.06661	0.049709	0.052047	30,884	1,704,540
10/25/2016	0.052377	0.059579	0.048863	0.052509	17,498	1,699,500
10/24/2016	0.058029	0.06192	0.051942	0.052507	15,743	1,882,900
10/23/2016	0.086251	0.08676	0.049657	0.058318	43,537	2,798,620
10/22/2016	0.042013	0.092512	0.039655	0.086246	42,045	1,363,220
10/21/2016	0.060439	0.061307	0.035298	0.041937	16,133	1,961,090
10/20/2016	0.062705	0.062839	0.050779	0.060451	75,277	2,034,600
10/19/2016	0.055183	0.06458	0.035776	0.062707	123,337	1,790,560
10/18/2016	0.073331	0.074098	0.054015	0.055181	56,596	2,379,380
10/17/2016	0.080818	0.087664	0.073037	0.073331	121,855	2,622,320
10/16/2016	0.08106	0.081539	0.055128	0.080789	117,508	2,630,180
10/15/2016	0.082954	0.087737	0.053523	0.081038	129,339	2,691,630
10/14/2016	0.084512	0.085522	0.062044	0.082945	85,544	2,742,180
10/13/2016	0.062355	0.088065	0.055992	0.084498	103,911	2,023,250
10/12/2016	0.0654	0.069358	0.057457	0.062354	109,027	2,122,050
10/11/2016	0.063759	0.071239	0.049586	0.065584	107,808	2,068,810
10/10/2016	0.058098	0.067039	0.055653	0.063737	74,081	1,885,110
10/9/2016	0.058306	0.069004	0.057251	0.058084	53,613	1,891,880
10/8/2016	0.06966	0.075651	0.05505	0.058304	54,048	2,260,290
10/7/2016	0.076944	0.07862	0.038102	0.069645	77,681	2,496,630
10/6/2016	0.079014	0.086333	0.068166	0.076945	96,465	2,563,800
10/5/2016	0.084159	0.086541	0.067806	0.079017	61,617	2,730,730
10/4/2016	0.065931	0.163111	0.065232	0.084153	77,614	2,139,290
10/3/2016	0.070461	0.098468	0.062891	0.065924	61,859	2,286,290
10/2/2016	0.065796	0.099826	0.065792	0.070461	41,600	2,134,900
10/1/2016	0.088659	0.109195	0.063786	0.065749	40,319	2,876,750
9/30/2016	0.074299	0.092784	0.050981	0.087951	87,534	2,410,800
9/29/2016	0.083279	0.08996	0.07163	0.074287	32,596	2,702,200
9/28/2016	0.088679	0.089809	0.080565	0.083289	36,553	2,877,410
9/27/2016	0.088186	0.098394	0.084811	0.088676	27,297	2,861,390
9/26/2016	0.08969	0.093791	0.084707	0.0882	27,822	2,910,220
9/25/2016	0.097914	0.098433	0.086133	0.089698	38,403	3,177,070
9/24/2016	0.10954	0.113417	0.096965	0.097904	28,975	3,554,290
9/23/2016	0.103027	0.114644	0.091089	0.109545	68,981	3,342,960
9/22/2016	0.089605	0.109721	0.088828	0.103015	64,116	2,907,450
9/21/2016	0.091885	0.108689	0.083685	0.089594	25,055	2,981,430
9/20/2016	0.091693	0.095192	0.088342	0.092006	16,831	2,975,190
9/19/2016	0.089564	0.094541	0.087438	0.091407	19,860	2,906,110
9/18/2016	0.091173	0.093325	0.079229	0.089569	21,066	2,958,330
9/17/2016	0.08962	0.09954	0.086983	0.091196	17,071	2,907,930
9/16/2016	0.091453	0.097241	0.08563	0.089619	28,540	2,967,410
9/15/2016	0.101022	0.107936	0.089539	0.091469	41,269	3,277,900
9/14/2016	0.106236	0.109602	0.098543	0.101005	35,247	3,447,080
9/13/2016	0.1244	0.127319	0.087573	0.106208	19,875	4,036,460
9/12/2016	0.11563	0.124874	0.106446	0.124346	51,928	3,751,890
9/11/2016	0.121035	0.124868	0.112114	0.115594	38,448	3,927,270
9/10/2016	0.123067	0.133594	0.118327	0.121045	37,643	3,993,210
9/9/2016	0.117799	0.12726	0.115752	0.123079	38,159	3,822,270
9/8/2016	0.121572	0.127038	0.117768	0.117768	27,773	3,944,700
9/7/2016	0.12615	0.143651	0.115075	0.121572	45,954	4,093,240
9/6/2016	0.120517	0.142898	0.112854	0.126141	46,509	3,910,460
9/5/2016	0.117941	0.124986	0.113659	0.120508	17,030	3,826,880
9/4/2016	0.12449	0.137175	0.111801	0.117911	35,037	4,039,380
9/3/2016	0.116284	0.127083	0.112433	0.124428	30,357	3,773,110
9/2/2016	0.122569	0.129755	0.115216	0.116316	29,200	3,977,050
9/1/2016	0.14104	0.142634	0.095622	0.122566	48,368	4,576,380
8/31/2016	0.144817	0.150905	0.10903	0.140999	47,380	4,698,940
8/30/2016	0.169755	0.171925	0.116208	0.144788	81,513	3,810,560
8/29/2016	0.171784	0.182971	0.137115	0.169748	53,047	3,856,110
8/28/2016	0.146471	0.193703	0.118856	0.171783	42,174	3,287,890
8/27/2016	0.131921	0.194443	0.117774	0.146525	53,544	2,961,280
8/26/2016	0.126379	0.135595	0.118518	0.131624	19,212	2,836,880
8/25/2016	0.129132	0.139204	0.121396	0.12636	18,483	2,898,680
8/24/2016	0.145095	0.149744	0.11655	0.129119	28,178	3,257,010
8/23/2016	0.143977	0.183711	0.133051	0.145134	47,773	1,792,140
8/22/2016	0.144786	0.147696	0.125174	0.143998	18,454	-
8/21/2016	0.158484	0.165474	0.140471	0.144813	20,765	-
8/20/2016	0.146987	0.163935	0.14183	0.158489	24,926	-
8/19/2016	0.139811	0.215528	0.130796	0.147009	50,492	-
8/18/2016	0.138174	0.142335	0.13074	0.139779	19,808	-
8/17/2016	0.138179	0.142926	0.121847	0.138202	18,829	-
8/16/2016	0.135471	0.150286	0.131276	0.138045	25,961	-
8/15/2016	0.148503	0.156014	0.128757	0.13544	15,302	-
8/14/2016	0.154883	0.155101	0.131562	0.148478	10,938	-
8/13/2016	0.156428	0.166311	0.144135	0.154937	30,778	-
8/12/2016	0.169817	0.170068	0.14782	0.155941	20,358	-
8/11/2016	0.184987	0.185254	0.162635	0.170772	29,844	-
8/10/2016	0.167181	0.192224	0.160545	0.184903	17,369	3,376,200
8/9/2016	0.174739	0.175596	0.151049	0.169797	14,986	3,528,840
8/8/2016	0.179528	0.196012	0.166275	0.174715	11,921	3,625,550
8/7/2016	0.181118	0.181962	0.171257	0.179511	7,942	3,657,660
8/6/2016	0.168814	0.18682	0.156201	0.181113	18,227	3,409,180
8/5/2016	0.171825	0.177318	0.156473	0.16887	25,716	3,469,990
8/4/2016	0.171559	0.178511	0.164972	0.17183	25,837	3,464,620
8/3/2016	0.155209	0.185071	0.153128	0.171038	17,217	3,134,430
8/2/2016	0.174383	0.227272	0.15103	0.154217	21,636	3,521,650
8/1/2016	0.198319	0.223192	0.173802	0.175498	16,031	4,005,030
7/31/2016	0.13826	0.218052	0.137013	0.199696	132,170	2,792,150
7/30/2016	0.141392	0.149002	0.131866	0.137746	14,427	2,855,400
7/29/2016	0.146885	0.151978	0.136414	0.141554	21,824	2,966,330
7/28/2016	0.119885	0.150183	0.119885	0.146859	28,811	2,421,070
7/27/2016	0.134168	0.136655	0.112521	0.119914	13,136	2,709,510
7/26/2016	0.133688	0.139074	0.127005	0.133338	18,661	2,699,820
7/25/2016	0.134493	0.150331	0.123783	0.133696	16,621	2,716,070
7/24/2016	0.124872	0.148167	0.124214	0.134478	21,961	2,521,780
7/23/2016	0.149675	0.156878	0.116307	0.124882	25,395	3,022,670
7/22/2016	0.151389	0.162389	0.112191	0.143888	39,019	3,057,290
7/21/2016	0.153108	0.169005	0.149559	0.150635	25,727	3,092,000
7/20/2016	0.208356	0.215629	0.133435	0.153761	20,923	4,207,240
7/19/2016	0.21232	0.223314	0.133456	0.208303	69,371	4,278,040
7/18/2016	0.177806	0.266942	0.175619	0.212778	76,360	3,575,120
7/17/2016	0.178132	0.255556	0.168307	0.177644	81,962	3,573,760
7/16/2016	0.196378	0.21284	0.176025	0.178521	50,777	3,931,500
7/15/2016	0.207363	0.210666	0.16917	0.196554	57,296	4,141,950
7/14/2016	0.221097	0.259125	0.179056	0.20722	45,894	4,406,410
7/13/2016	0.2358	0.243955	0.189884	0.221508	63,046	4,688,900
7/12/2016	0.212377	0.291018	0.196295	0.235799	117,417	4,213,980
7/11/2016	0.208165	0.304506	0.190407	0.212381	128,799	4,121,050
7/10/2016	0.218401	0.245175	0.163513	0.208283	107,172	4,313,780
7/9/2016	0.314682	0.317695	0.164808	0.231754	362,292	6,201,330
7/8/2016	0.301892	0.323615	0.285074	0.314733	56,608	5,935,590
7/7/2016	0.341532	0.34943	0.226458	0.301469	151,495	6,699,470
7/6/2016	0.362885	0.403975	0.187939	0.341383	174,240	7,101,730
7/5/2016	0.17465	0.411811	0.160361	0.336428	705,698	3,409,860
7/4/2016	0.133092	0.174563	0.121745	0.174563	214,753	2,592,410
7/3/2016	0.097871	0.167689	0.063487	0.132673	141,323	1,901,880
7/2/2016	0.048856	0.110379	0.048124	0.09771	110,116	947,178
7/1/2016	0.050169	0.060326	0.043295	0.048935	11,622	970,362
6/30/2016	0.030239	0.062666	0.030239	0.050221	60,475	583,481
6/29/2016	0.030316	0.035902	0.028263	0.0312	55,971	583,537
6/28/2016	0.029	0.034757	0.027149	0.030321	7,288	556,967
6/27/2016	0.025952	0.044212	0.0259	0.028608	16,213	497,278
6/26/2016	0.025258	0.049286	0.024684	0.03672	24,316	482,840
6/25/2016	0.025311	0.028456	0.018107	0.025392	12,624	482,746
6/24/2016	0.017263	0.028482	0.015818	0.027599	15,165	328,461
6/23/2016	0.020511	0.02602	0.009681	0.017306	11,811	389,376
6/22/2016	0.011441	0.0224	0.011441	0.020295	8,587	216,689
6/21/2016	0.009529	0.020477	0.006576	0.011095	12,143	180,035
6/20/2016	0.010221	0.01892	0.008274	0.00953	2,506	192,671
6/19/2016	0.01264	0.0295	0.006283	0.010216	12,044	237,702
6/18/2016	0.017847	0.030838	0.01087	0.012643	8,315	334,867
6/17/2016	0.008686	0.024825	0.008597	0.017857	8,901	162,583
6/16/2016	0.012187	0.035446	0.008217	0.008684	8,721	227,637
6/15/2016	0.03745	0.049877	0.004936	0.012176	4,506	697,881
6/14/2016	0.009648	0.038015	0.009043	0.037483	3,987	179,355
6/13/2016	0.019587	0.019637	0.001739	0.009439	883	363,228
6/12/2016	0.021385	0.021967	0.003207	0.01959	4,961	395,598
6/11/2016	0.018723	0.021399	0.003049	0.021399	3,641	345,506
6/10/2016	0.029628	0.029698	0.002877	0.018723	2,024	545,400
6/9/2016	0.03299	0.033841	0.02955	0.029623	4,093	605,772
6/8/2016	0.004547	0.033064	0.003589	0.033022	4,731	83,286
6/7/2016	0.002583	0.019104	0.002412	0.004546	723	47,198
6/6/2016	0.015885	0.015906	0.002637	0.002638	276	289,499
6/5/2016	0.012312	0.016223	0.00387	0.015857	806	223,831
6/4/2016	0.028764	0.02891	0.0053	0.012319	2,397	521,588
6/3/2016	0.016181	0.029021	0.012575	0.028759	2,284	292,690
6/2/2016	0.029524	0.029556	0.016061	0.016125	1,429	532,668
6/1/2016	0.033552	0.033583	0.029072	0.029598	1,388	603,837
5/31/2016	0.053554	0.053576	0.019607	0.033481	1,905	961,372
5/30/2016	0.040041	0.058974	0.002633	0.056703	896	716,968
5/29/2016	0.041038	0.043174	0.038703	0.039991	1,970	732,962
5/28/2016	0.02561	0.041692	0.025562	0.041083	1,956	456,233
5/27/2016	0.026024	0.027978	0.004989	0.025624	1,486	462,410
5/26/2016	0.024755	0.028775	0.024051	0.024482	720	438,732
5/25/2016	0.023461	0.02579	0.011835	0.025635	1,051	-
5/24/2016	0.024207	0.026113	0.021447	0.023119	1,364	423,225
5/23/2016	0.023327	0.029883	0.023308	0.024214	636	407,824
5/22/2016	0.047249	0.047274	0.013138	0.023332	963	826,056
5/21/2016	0.034401	0.069118	0.034274	0.047253	1,220	601,440
5/20/2016	0.028858	0.068168	0.009807	0.034384	395	504,516
5/19/2016	0.033076	0.066222	0.02596	0.028918	466	578,268
5/18/2016	0.029665	0.033139	0.029063	0.033081	396	518,609
5/17/2016	0.033707	0.033906	0.010111	0.029673	235	589,262
5/16/2016	0.027399	0.034154	0.023333	0.033728	250	478,979
5/15/2016	0.025972	0.027453	0.010086	0.027399	1,828	454,021
5/14/2016	0.024716	0.026312	0.024353	0.025967	601	432,064
5/13/2016	0.034919	0.034942	0.011846	0.024708	614	610,227
5/12/2016	0.034569	0.035024	0.033321	0.034919	1,036	604,116
5/11/2016	0.012565	0.034675	0.012275	0.034591	5,665	219,572
5/10/2016	0.034316	0.034422	0.012538	0.012565	613	599,688
5/9/2016	0.033864	0.035035	0.033792	0.034314	1,642	591,775
5/8/2016	0.032134	0.033894	0.02768	0.03389	2,633	561,529
5/7/2016	0.03578	0.035793	0.03206	0.032142	293	625,220
5/6/2016	0.035619	0.035963	0.035229	0.035778	643	622,374
5/5/2016	0.036216	0.037338	0.035574	0.035621	543	632,790
5/4/2016	0.028666	0.03719	0.026826	0.036217	479	500,831
5/3/2016	0.037518	0.04733	0.026807	0.028673	3,449	655,008
5/2/2016	0.040321	0.040478	0.036708	0.037513	1,056	703,935
5/1/2016	0.044579	0.044756	0.040264	0.040316	509	778,260
4/30/2016	0.052867	0.053667	0.039259	0.044553	543	922,920
4/29/2016	0.0424	0.053013	0.031533	0.052867	1,747	740,130
4/28/2016	0.094001	0.094001	0.027691	0.042362	3,106	1,635,760
4/27/2016	0.021414	0.112395	0.021366	0.093927	1,558	372,615
4/26/2016	0.006164	0.063556	0.006164	0.021406	622	107,259
4/25/2016	0.041345	0.061276	0.006161	0.006161	107	719,375
4/24/2016	0.02736	0.041437	0.024934	0.041294	732	476,023
4/23/2016	0.023089	0.027681	0.021875	0.027343	240	401,679
4/22/2016	0.029714	0.030241	0.01117	0.023082	706	516,682
4/21/2016	0.016925	0.029697	0.016567	0.029697	993	294,260
4/20/2016	0.026954	0.027785	0.008628	0.016924	612	468,188
4/19/2016	0.019918	0.02698	0.007275	0.026957	1,279	345,895
4/18/2016	0.063249	0.063356	0.015128	0.019913	73	1,098,300
4/17/2016	0.027407	0.063333	0.010887	0.063217	1,443	475,913
4/16/2016	0.013199	0.029653	0.013181	0.027403	861	229,195
4/15/2016	0.019808	0.023724	0.012153	0.013203	864	343,956
4/14/2016	0.023138	0.023903	0.019739	0.019808	873	401,752
4/13/2016	0.030099	0.03105	0.012737	0.023127	1,341	522,606
4/12/2016	0.027804	0.034187	0.011357	0.030109	1,187	482,728
4/11/2016	0.018793	0.030662	0.009694	0.02778	1,329	326,261
4/10/2016	0.009659	0.022392	0.009659	0.018779	1,169	167,668
4/9/2016	0.018026	0.034216	0.007437	0.009655	1,028	312,915
4/8/2016	0.040652	0.049426	0.018002	0.018006	375	705,669
4/7/2016	0.013002	0.042859	0.007293	0.040637	528	225,702
4/6/2016	0.018008	0.018303	0.01275	0.012996	486	312,595
4/5/2016	0.012524	0.01818	0.012514	0.017998	464	217,368
4/4/2016	0.019154	0.019168	0.012522	0.012536	89	332,436
4/3/2016	0.009608	0.019158	0.009366	0.019136	461	166,767
4/2/2016	0.014863	0.017357	0.009402	0.009601	128	257,963
4/1/2016	0.007083	0.015059	0.006862	0.014846	501	122,931
3/31/2016	0.013942	0.01537	0.007069	0.007082	301	241,368
3/30/2016	0.016374	0.018491	0.008729	0.013927	277	283,310
3/29/2016	0.009866	0.020127	0.007595	0.016361	342	170,707
3/28/2016	0.019151	0.019151	0.008107	0.009865	139	331,329
3/27/2016	0.027149	0.027156	0.015245	0.019161	701	469,601
3/26/2016	0.033863	0.035954	0.019909	0.027137	176	585,704
3/25/2016	0.033782	0.034998	0.022802	0.033847	222	584,288
3/24/2016	0.049264	0.04978	0.022819	0.033773	575	852,012
3/23/2016	0.020445	0.052432	0.018738	0.049219	631	353,596
3/22/2016	0.010951	0.020442	0.008504	0.020442	61	189,375
3/21/2016	0.011206	0.013626	0.008514	0.010955	63	193,788
3/20/2016	0.01221	0.01773	0.008725	0.011215	136	211,151
3/19/2016	0.011385	0.012298	0.010165	0.012212	22	196,868
3/18/2016	0.012661	0.012661	0.011365	0.011392	32	218,911
3/17/2016	0.010879	0.012688	0.010841	0.012663	36	188,071
3/16/2016	0.014502	0.015822	0.01025	0.010856	236	250,689
3/15/2016	0.016751	0.019239	0.012484	0.0145	56	289,504
3/14/2016	0.030715	0.042168	0.016722	0.016753	153	530,785
3/13/2016	0.013689	0.031846	0.013562	0.030698	116	236,548
3/12/2016	0.012645	0.017989	0.01168	0.013688	173	218,500
3/11/2016	0.013371	0.018215	0.012617	0.012648	121	231,021
3/10/2016	0.012972	0.020641	0.012941	0.013368	166	224,092
3/9/2016	0.015047	0.022718	0.012053	0.012975	288	259,840
3/8/2016	0.011012	0.025651	0.011012	0.01505	354	190,130
3/7/2016	0.010971	0.047135	0.005692	0.011009	1,233	189,371
3/6/2016	0.011542	0.012136	0.005148	0.01097	72	197,967
3/5/2016	0.008893	0.012349	0.008034	0.011543	137	152,538
3/4/2016	0.012668	0.017726	0.008896	0.008896	126	217,284
3/3/2016	0.011658	0.019481	0.011558	0.012662	634	199,957
3/2/2016	0.006658	0.017359	0.003139	0.01166	608	114,193
3/1/2016	0.024083	0.02683	0.006657	0.006657	424	413,091
2/29/2016	0.008123	0.0407	0.005267	0.024071	330	139,300
2/28/2016	0.021447	0.02145	0.008121	0.008125	67	367,784
2/27/2016	0.021819	0.021891	0.011416	0.021445	45	374,153
2/26/2016	0.013161	0.021784	0.007118	0.021784	90	225,693
2/25/2016	0.012775	0.022201	0.012672	0.013159	31	219,068
2/24/2016	0.02946	0.031692	0.009429	0.012775	24	505,167
2/23/2016	0.015546	0.029541	0.006398	0.029445	128	266,545
2/22/2016	0.015672	0.015781	0.015453	0.01553	52	268,647
2/21/2016	0.021871	0.031459	0.012964	0.015665	40	374,890
2/20/2016	0.007474	0.036341	0.006342	0.021841	135	128,107
2/19/2016	0.024988	0.02501	0.007445	0.00746	18	428,258
2/18/2016	0.035076	0.035196	0.017276	0.024967	31	601,127
2/17/2016	0.016306	0.071135	0.016228	0.035055	106	279,420
2/16/2016	0.004475	0.082093	0.004424	0.016299	1,209	76,677
2/15/2016	0.004219	0.010229	0.003753	0.004461	99	72,278
2/14/2016	0.006676	0.007347	0.003444	0.004215	27	114,379
2/13/2016	0.003845	0.007008	0.003344	0.006658	5	65,874
2/12/2016	0.007593	0.011046	0.002495	0.003841	104	130,077
2/11/2016	0.01322	0.013221	0.00293	0.007593	15	226,461
2/10/2016	0.017233	0.017237	0.002628	0.013204	89	295,203
2/9/2016	0.00097	0.024361	0.000436	0.017263	285	16,608
2/8/2016	0.001427	0.002064	0.000993	0.000993	17	24,444
2/7/2016	0.001433	0.001864	0.001407	0.001427	17	24,540
2/6/2016	0.001456	0.00223	0.00138	0.001433	2	24,934
2/5/2016	0.002435	0.002463	0.001443	0.001456	1	41,687
2/4/2016	0.002354	0.002448	0.001313	0.002439	29	40,298
2/3/2016	0.002398	0.002399	0.001311	0.002353	8	41,047
2/2/2016	0.002384	0.002402	0.001695	0.002397	12	40,799
2/1/2016	0.00267	0.00279	0.00152	0.002385	21	45,697
1/31/2016	0.002881	0.002891	0.001241	0.002666	38	49,304
1/30/2016	0.001854	0.003007	0.001845	0.002881	42	31,729
1/29/2016	0.001703	0.003424	0.00119	0.001857	20	29,125
1/28/2016	0.001592	0.003423	0.001529	0.001703	9	27,225
1/27/2016	0.001688	0.004505	0.001208	0.001591	38	28,856
1/26/2016	0.001682	0.00315	0.001676	0.001686	2	28,754
1/25/2016	0.002012	0.005584	0.001681	0.001681	25	34,391
1/24/2016	0.001362	0.006074	0.001361	0.002015	87	23,287
1/23/2016	0.005737	0.005918	0.001357	0.00136	67	98,050
1/22/2016	0.002872	0.008174	0.001192	0.005737	69	49,086
1/21/2016	0.008135	0.010833	0.002853	0.002876	63	139,008
