Date	Open	High	Low	Close	Volume	Market Cap
7/4/2018	0.887873	1.03	0.859933	0.949942	18,949,000	473,463,000
7/3/2018	0.948858	0.988706	0.886003	0.891924	21,272,400	506,007,000
7/2/2018	0.79384	0.989407	0.789722	0.950831	40,158,300	423,247,000
7/1/2018	0.790663	0.835991	0.735183	0.796163	12,751,400	421,499,000
6/30/2018	0.65948	0.834762	0.65948	0.791598	25,434,300	351,506,000
6/29/2018	0.606791	0.676429	0.58363	0.660468	9,439,390	323,052,000
6/28/2018	0.642657	0.661132	0.602466	0.607078	6,446,650	342,188,000
6/27/2018	0.620553	0.644165	0.6089	0.642297	6,489,030	330,338,000
6/26/2018	0.708526	0.70876	0.626104	0.626104	5,945,360	377,119,000
6/25/2018	0.679638	0.706139	0.655367	0.705315	7,304,940	361,753,000
6/24/2018	0.723747	0.725626	0.598913	0.681018	9,599,880	385,131,000
6/23/2018	0.738561	0.760752	0.696822	0.724378	6,520,750	393,085,000
6/22/2018	0.848888	0.848888	0.690151	0.736945	12,611,600	451,364,000
6/21/2018	0.877086	0.892406	0.844656	0.849209	7,929,030	466,355,000
6/20/2018	0.877874	0.898744	0.836419	0.877894	9,302,830	466,721,000
6/19/2018	0.86861	0.908611	0.845553	0.878792	10,040,200	461,851,000
6/18/2018	0.843667	0.890851	0.816503	0.871791	10,855,700	448,610,000
6/17/2018	0.876548	0.894331	0.842978	0.844041	6,825,570	466,111,000
6/16/2018	0.877455	0.894325	0.841372	0.876575	8,392,000	466,618,000
6/15/2018	0.94853	0.958561	0.870264	0.879401	10,903,400	504,336,000
6/14/2018	0.821271	0.983472	0.812555	0.945688	16,718,500	436,546,000
6/13/2018	0.907088	0.921793	0.79864	0.821614	13,819,300	482,209,000
6/12/2018	1.07	1.07	0.88819	0.904317	18,970,100	567,030,000
6/11/2018	1.05	1.08	1.01	1.07	12,220,200	559,631,000
6/10/2018	1.23	1.23	1.02	1.06	17,417,800	654,732,000
6/9/2018	1.27	1.29	1.23	1.23	9,623,670	677,562,000
6/8/2018	1.29	1.3	1.24	1.27	11,553,900	685,996,000
6/7/2018	1.33	1.35	1.29	1.29	15,059,000	709,555,000
6/6/2018	1.27	1.34	1.25	1.33	17,778,000	674,151,000
6/5/2018	1.25	1.28	1.19	1.27	14,802,100	662,627,000
6/4/2018	1.35	1.36	1.22	1.24	16,008,100	716,685,000
6/3/2018	1.28	1.37	1.28	1.34	18,679,900	681,804,000
6/2/2018	1.25	1.31	1.24	1.28	18,035,800	664,994,000
6/1/2018	1.28	1.31	1.23	1.25	15,376,300	682,448,000
5/31/2018	1.23	1.35	1.22	1.28	24,019,900	653,016,000
5/30/2018	1.25	1.43	1.2	1.24	61,238,000	666,040,000
5/29/2018	1.04	1.31	1.04	1.25	33,023,800	550,537,000
5/28/2018	1.18	1.23	1.02	1.04	17,668,100	627,088,000
5/27/2018	1.21	1.22	1.15	1.18	13,848,800	642,788,000
5/26/2018	1.28	1.3	1.21	1.21	16,562,000	676,180,000
5/25/2018	1.37	1.42	1.26	1.28	24,881,000	724,803,000
5/24/2018	1.35	1.46	1.18	1.36	69,716,300	714,895,000
5/23/2018	1.16	1.53	1.02	1.34	109,784,000	610,766,000
5/22/2018	1.34	1.34	1.15	1.16	13,504,300	707,591,000
5/21/2018	1.46	1.46	1.31	1.34	11,400,100	771,929,000
5/20/2018	1.46	1.47	1.38	1.46	17,562,300	774,617,000
5/19/2018	1.31	1.5	1.27	1.46	21,572,600	690,594,000
5/18/2018	1.25	1.33	1.21	1.31	13,513,400	660,922,000
5/17/2018	1.37	1.47	1.24	1.25	17,967,300	725,236,000
5/16/2018	1.48	1.49	1.31	1.37	22,546,000	784,396,000
5/15/2018	1.55	1.6	1.48	1.49	25,323,200	820,324,000
5/14/2018	1.74	1.76	1.52	1.55	39,254,100	921,410,000
5/13/2018	1.65	1.8	1.58	1.76	26,815,200	871,011,000
5/12/2018	1.67	1.75	1.56	1.65	31,528,600	884,544,000
5/11/2018	1.87	1.95	1.55	1.68	73,323,700	985,794,000
5/10/2018	1.73	2.03	1.73	1.87	79,254,200	910,746,000
5/9/2018	1.73	1.81	1.55	1.72	42,871,100	915,472,000
5/8/2018	1.71	1.85	1.62	1.74	62,004,400	899,652,000
5/7/2018	1.61	1.77	1.48	1.71	51,526,300	848,274,000
5/6/2018	1.63	1.63	1.42	1.6	26,020,400	860,536,000
5/5/2018	1.74	1.74	1.55	1.64	42,183,700	914,440,000
5/4/2018	1.46	1.74	1.44	1.74	66,082,900	770,614,000
5/3/2018	1.31	1.5	1.31	1.47	41,261,000	690,805,000
5/2/2018	1.2	1.33	1.19	1.32	18,364,000	629,898,000
5/1/2018	1.18	1.2	1.11	1.2	8,402,910	621,802,000
4/30/2018	1.29	1.32	1.17	1.18	15,398,400	678,160,000
4/29/2018	1.21	1.29	1.17	1.29	15,139,900	633,352,000
4/28/2018	1.06	1.2	1.06	1.2	12,163,300	558,568,000
4/27/2018	1.14	1.17	1.07	1.07	11,468,700	600,740,000
4/26/2018	1.01	1.14	0.987134	1.14	22,609,800	530,780,000
4/25/2018	1.16	1.17	0.930012	1	21,908,800	610,872,000
4/24/2018	1	1.19	0.999462	1.18	20,916,100	526,690,000
4/23/2018	0.986294	1.05	0.974842	1	12,697,400	517,620,000
4/22/2018	0.92334	1.03	0.908699	0.989329	12,194,800	484,530,000
4/21/2018	0.987339	0.988635	0.848412	0.925737	13,669,900	518,006,000
4/20/2018	0.911048	0.989289	0.908496	0.987393	13,211,600	477,524,000
4/19/2018	0.922522	0.923694	0.882704	0.910871	12,641,600	483,494,000
4/18/2018	0.834345	0.925666	0.830546	0.921562	19,961,100	436,473,000
4/17/2018	0.749219	0.865321	0.737612	0.832962	17,849,000	391,668,000
4/16/2018	0.796338	0.799934	0.728368	0.748151	9,432,380	416,309,000
4/15/2018	0.737839	0.795601	0.737839	0.794809	9,953,590	385,700,000
4/14/2018	0.683097	0.752181	0.675866	0.734964	9,601,650	357,041,000
4/13/2018	0.693395	0.733442	0.663744	0.683492	9,751,480	362,475,000
4/12/2018	0.597102	0.693241	0.586872	0.69086	11,778,600	312,223,000
4/11/2018	0.560515	0.632883	0.557904	0.601094	14,279,900	292,992,000
4/10/2018	0.539508	0.567898	0.531878	0.55965	4,924,860	281,926,000
4/9/2018	0.570968	0.59743	0.52991	0.538626	5,771,320	298,331,000
4/8/2018	0.537749	0.587152	0.536676	0.569958	7,168,460	280,927,000
4/7/2018	0.518935	0.55233	0.517437	0.540932	4,952,320	271,070,000
4/6/2018	0.545051	0.552791	0.506217	0.51904	6,396,980	284,763,000
4/5/2018	0.521423	0.684956	0.503211	0.545786	35,059,200	272,137,000
4/4/2018	0.595003	0.595003	0.511321	0.521539	5,016,430	310,438,000
4/3/2018	0.532139	0.63231	0.522737	0.595733	10,138,500	277,577,000
4/2/2018	0.505667	0.544264	0.503517	0.531577	4,329,230	263,740,000
4/1/2018	0.547496	0.575094	0.474197	0.504651	5,419,080	285,455,000
3/31/2018	0.513031	0.5614	0.511179	0.547294	4,848,730	267,428,000
3/30/2018	0.533715	0.535158	0.475715	0.513417	5,662,420	278,239,000
3/29/2018	0.635285	0.658245	0.507468	0.5354	8,268,510	331,201,000
3/28/2018	0.635673	0.651955	0.600326	0.633827	11,336,500	331,380,000
3/27/2018	0.65351	0.699362	0.567041	0.637713	32,818,400	339,926,000
3/26/2018	0.59527	0.801527	0.508499	0.659132	45,730,400	309,319,000
3/25/2018	0.592728	0.613129	0.562428	0.595489	4,898,480	308,086,000
3/24/2018	0.560314	0.618665	0.554062	0.5979	5,652,270	291,103,000
3/23/2018	0.578563	0.583475	0.511481	0.554259	5,367,430	300,585,000
3/22/2018	0.582848	0.633587	0.554356	0.578416	8,667,940	302,665,000
3/21/2018	0.537362	0.617998	0.537362	0.582054	7,988,280	278,900,000
3/20/2018	0.468713	0.558981	0.460619	0.534654	6,190,060	243,115,000
3/19/2018	0.442396	0.464974	0.43512	0.464974	3,859,170	229,324,000
3/18/2018	0.443938	0.443938	0.354991	0.441154	5,900,160	230,038,000
3/17/2018	0.503508	0.503508	0.442287	0.444696	3,134,240	260,896,000
3/16/2018	0.48489	0.529674	0.46864	0.503941	4,675,690	251,138,000
3/15/2018	0.517678	0.520949	0.460781	0.486085	4,601,280	268,026,000
3/14/2018	0.595073	0.608643	0.514046	0.51839	4,919,120	307,650,000
3/13/2018	0.626599	0.658558	0.584119	0.595122	5,484,210	323,983,000
3/12/2018	0.683034	0.708498	0.617465	0.628817	4,099,150	353,102,000
3/11/2018	0.631398	0.684097	0.609048	0.682246	4,172,970	326,314,000
3/10/2018	0.646254	0.733354	0.633139	0.635473	7,654,580	333,757,000
3/9/2018	0.637627	0.646006	0.567193	0.645375	5,198,880	329,854,000
3/8/2018	0.70159	0.735299	0.637734	0.641815	6,500,550	362,723,000
3/7/2018	0.783247	0.795471	0.670935	0.696557	7,856,390	404,789,000
3/6/2018	0.887447	0.887447	0.778876	0.784441	6,516,140	458,344,000
3/5/2018	0.920334	0.930618	0.887097	0.887579	6,025,120	475,288,000
3/4/2018	0.915349	0.923982	0.890946	0.921463	5,709,570	472,507,000
3/3/2018	0.934461	0.969524	0.909748	0.917723	6,815,010	482,397,000
3/2/2018	0.96152	1.01	0.930779	0.938003	7,594,580	496,231,000
3/1/2018	0.916661	0.969874	0.880255	0.962535	8,661,110	471,873,000
2/28/2018	0.992029	1.01	0.916808	0.917173	6,891,760	510,407,000
2/27/2018	1.04	1.14	0.99028	0.99308	17,494,200	532,384,000
2/26/2018	0.97744	1.07	0.945288	1.03	8,738,640	501,882,000
2/25/2018	0.917998	1	0.905002	0.974205	10,967,400	471,352,000
2/24/2018	0.982682	1.05	0.880218	0.920412	8,140,960	504,189,000
2/23/2018	0.900781	0.984626	0.861228	0.979024	5,936,610	461,933,000
2/22/2018	0.944015	1.01	0.862158	0.903932	6,338,430	483,473,000
2/21/2018	1.01	1.04	0.90518	0.943307	10,796,500	515,587,000
2/20/2018	1.18	1.21	1	1.01	11,695,000	600,381,000
2/19/2018	1.15	1.23	1.15	1.18	7,981,530	589,186,000
2/18/2018	1.28	1.3	1.13	1.16	10,089,200	655,234,000
2/17/2018	1.28	1.29	1.22	1.28	17,435,200	651,813,000
2/16/2018	1.38	1.38	1.14	1.29	82,943,000	702,523,000
2/15/2018	1.08	1.4	1.01	1.4	26,781,300	547,035,000
2/14/2018	0.96572	1.11	0.956776	1.07	11,780,000	490,742,000
2/13/2018	1.03	1.04	0.95021	0.967812	12,220,300	522,803,000
2/12/2018	0.988344	1.09	0.988344	1.03	6,619,560	501,382,000
2/11/2018	1.09	1.09	0.934155	0.979054	4,888,770	555,363,000
2/10/2018	1.14	1.2	0.985705	1.1	10,828,700	576,535,000
2/9/2018	1.08	1.15	1.01	1.14	5,979,420	545,842,000
2/8/2018	0.988963	1.13	0.988963	1.07	12,992,800	501,142,000
2/7/2018	1.01	1.16	0.902145	0.993355	13,476,600	513,163,000
2/6/2018	0.821889	1.03	0.640081	1.02	18,000,300	415,693,000
2/5/2018	1.15	1.16	0.735911	0.817119	16,094,600	579,817,000
2/4/2018	1.39	1.39	1.05	1.15	13,450,500	703,996,000
2/3/2018	1.3	1.5	1.15	1.39	14,554,900	655,192,000
2/2/2018	1.61	1.61	1.05	1.3	26,332,600	807,909,000
2/1/2018	1.86	1.93	1.44	1.6	30,422,600	936,047,000
1/31/2018	1.6	1.85	1.52	1.85	21,686,200	802,529,000
1/30/2018	1.86	1.86	1.49	1.59	18,317,000	935,070,000
1/29/2018	1.98	2	1.8	1.85	17,848,200	991,505,000
1/28/2018	2.09	2.11	1.96	1.98	24,255,700	1,050,130,000
1/27/2018	2.01	2.16	1.96	2.09	65,038,500	1,008,110,000
1/26/2018	1.63	2.09	1.52	2.04	47,746,300	814,458,000
1/25/2018	1.68	1.74	1.56	1.63	16,177,100	840,475,000
1/24/2018	1.59	1.69	1.55	1.66	16,389,700	795,013,000
1/23/2018	1.67	1.75	1.51	1.59	18,675,000	835,498,000
1/22/2018	1.73	1.79	1.55	1.68	21,507,700	863,083,000
1/21/2018	2.04	2.04	1.67	1.71	15,587,600	1,017,560,000
1/20/2018	1.83	2.09	1.83	2.04	25,539,700	911,823,000
1/19/2018	1.64	1.92	1.57	1.81	21,806,000	813,299,000
1/18/2018	1.53	1.77	1.48	1.65	25,391,700	760,731,000
1/17/2018	1.57	1.69	1.11	1.52	39,263,200	777,744,000
1/16/2018	1.74	1.74	1.1	1.57	49,883,900	859,392,000
1/15/2018	1.98	2.17	1.74	1.75	34,993,600	976,255,000
1/14/2018	2.37	2.41	1.89	2	36,420,000	1,167,210,000
1/13/2018	2.23	2.5	2.19	2.37	49,679,100	1,095,090,000
1/12/2018	1.86	2.23	1.81	2.22	37,064,300	909,001,000
1/11/2018	2.15	2.17	1.63	1.85	45,923,400	1,054,470,000
1/10/2018	2.19	2.38	1.71	2.15	81,011,400	1,062,050,000
1/9/2018	1.89	2.53	1.77	2.17	208,910,000	915,570,000
1/8/2018	1.37	2.16	1.15	1.91	72,631,600	659,729,000
1/7/2018	1.39	1.54	1.35	1.36	40,839,200	664,841,000
1/6/2018	1.12	1.52	1.08	1.36	37,822,200	533,813,000
1/5/2018	1.04	1.31	0.992012	1.12	38,594,200	496,998,000
1/4/2018	0.978614	1.08	0.965997	1.05	19,658,400	466,294,000
1/3/2018	0.899551	1.06	0.828857	0.974472	18,706,300	428,603,000
1/2/2018	0.875881	0.995683	0.792368	0.896672	21,864,200	417,286,000
1/1/2018	0.904355	1.02	0.863124	0.877714	19,205,400	429,676,000
12/31/2017	0.685294	0.943356	0.685294	0.895721	20,968,200	325,043,000
12/30/2017	0.683597	0.688402	0.589435	0.688402	9,462,650	323,995,000
12/29/2017	0.658644	0.700825	0.620545	0.684076	9,252,790	311,840,000
12/28/2017	0.666285	0.705512	0.581613	0.646711	7,802,720	314,987,000
12/27/2017	0.648181	0.712597	0.617503	0.669701	11,866,800	306,131,000
12/26/2017	0.693401	0.708796	0.563918	0.647725	12,996,000	327,270,000
12/25/2017	0.634725	0.717725	0.630453	0.696416	8,668,880	317,362,000
12/24/2017	0.6511	0.672352	0.534855	0.62846	11,478,700	325,550,000
12/23/2017	0.502023	0.768043	0.485584	0.645686	24,164,900	251,012,000
12/22/2017	0.584187	0.587635	0.382546	0.498971	11,644,900	292,093,000
12/21/2017	0.575139	0.645124	0.521933	0.57853	17,172,500	287,570,000
12/20/2017	0.562926	0.575164	0.482775	0.575164	13,472,300	281,463,000
12/19/2017	0.511452	0.5892	0.479695	0.564137	19,760,200	255,726,000
12/18/2017	0.465889	0.511789	0.423639	0.511789	11,392,600	232,945,000
12/17/2017	0.384319	0.49467	0.379706	0.463769	13,712,400	192,159,000
12/16/2017	0.359665	0.394361	0.348884	0.383183	8,364,440	179,832,000
12/15/2017	0.380477	0.381291	0.316432	0.359391	7,291,850	190,238,000
12/14/2017	0.34065	0.426488	0.327682	0.379367	14,972,500	170,325,000
12/13/2017	0.266793	0.350352	0.252449	0.342906	11,877,700	133,397,000
12/12/2017	0.236597	0.268088	0.227585	0.262825	6,220,020	118,299,000
12/11/2017	0.22731	0.244889	0.223696	0.235145	3,631,750	113,655,000
12/10/2017	0.243797	0.243797	0.212126	0.228401	2,475,840	121,898,000
12/9/2017	0.266705	0.275125	0.22763	0.241584	3,064,890	133,352,000
12/8/2017	0.263661	0.274864	0.218665	0.267595	4,576,860	131,830,000
12/7/2017	0.257653	0.303565	0.241263	0.26313	10,651,700	128,826,000
12/6/2017	0.21839	0.311601	0.217306	0.259519	12,737,300	109,195,000
12/5/2017	0.224989	0.2281	0.204969	0.218572	4,516,980	112,495,000
12/4/2017	0.212143	0.227198	0.205635	0.223559	3,421,880	106,072,000
12/3/2017	0.21477	0.219164	0.200307	0.211341	4,225,350	107,385,000
12/2/2017	0.202384	0.225993	0.193248	0.211218	3,303,170	101,192,000
12/1/2017	0.188945	0.205803	0.181375	0.201924	1,670,050	94,472,400
11/30/2017	0.193151	0.211591	0.17552	0.188614	2,579,330	96,575,700
11/29/2017	0.226356	0.229552	0.181921	0.190781	3,895,780	113,178,000
11/28/2017	0.233394	0.234871	0.223832	0.225542	3,017,060	116,697,000
11/27/2017	0.22591	0.234219	0.212298	0.233117	3,421,410	112,955,000
11/26/2017	0.229367	0.235126	0.215153	0.226367	3,034,850	114,683,000
11/25/2017	0.234212	0.239257	0.223383	0.228617	2,381,170	117,106,000
11/24/2017	0.215836	0.23628	0.209834	0.234195	2,700,630	107,918,000
11/23/2017	0.228887	0.232974	0.214334	0.216585	2,847,780	114,444,000
11/22/2017	0.195522	0.230576	0.19368	0.229269	2,845,530	97,761,000
11/21/2017	0.200292	0.20309	0.191896	0.194747	1,755,470	100,146,000
11/20/2017	0.197899	0.203638	0.195916	0.201159	1,806,100	98,949,500
11/19/2017	0.204904	0.205951	0.195754	0.197092	1,561,090	102,452,000
11/18/2017	0.185865	0.208508	0.183135	0.204693	2,419,170	92,932,500
11/17/2017	0.190758	0.192559	0.182209	0.183124	1,520,350	95,379,000
11/16/2017	0.19848	0.200206	0.188278	0.190098	2,103,460	99,240,000
11/15/2017	0.199515	0.2063	0.195537	0.197774	1,815,630	99,757,600
11/14/2017	0.194054	0.202626	0.189433	0.199258	1,370,970	97,026,900
11/13/2017	0.186746	0.204933	0.186746	0.19685	2,135,670	93,372,900
11/12/2017	0.194834	0.197385	0.168475	0.1879	2,260,040	97,417,000
11/11/2017	0.196349	0.209121	0.195025	0.197162	1,488,260	98,174,600
11/10/2017	0.231424	0.237526	0.193163	0.19722	2,364,530	115,712,000
11/9/2017	0.219282	0.245119	0.215189	0.23055	2,661,470	109,641,000
11/8/2017	0.200817	0.223977	0.198922	0.219013	2,697,240	100,409,000
11/7/2017	0.178558	0.201355	0.177527	0.201199	1,935,910	89,279,200
11/6/2017	0.175859	0.185481	0.173446	0.178884	1,117,140	87,929,300
11/5/2017	0.182665	0.184954	0.173586	0.175023	961,217	91,332,300
11/4/2017	0.179251	0.191508	0.175724	0.182987	1,422,630	89,625,600
11/3/2017	0.170725	0.180066	0.170431	0.179373	1,810,580	85,362,400
11/2/2017	0.169789	0.176416	0.16063	0.170806	2,259,920	84,894,600
11/1/2017	0.173446	0.203756	0.171028	0.171246	3,460,160	86,723,200
10/31/2017	0.18807	0.189369	0.173305	0.173305	1,317,130	94,035,000
10/30/2017	0.193379	0.198503	0.18586	0.188216	1,000,210	96,689,300
10/29/2017	0.193542	0.2059	0.189026	0.194289	1,779,990	96,770,900
10/28/2017	0.192093	0.194363	0.187442	0.193665	704,645	96,046,500
10/27/2017	0.196695	0.197809	0.188305	0.191698	996,475	98,347,300
10/26/2017	0.198365	0.205707	0.193073	0.196484	1,120,820	99,182,500
10/25/2017	0.202629	0.205015	0.193516	0.198329	1,304,420	101,314,000
10/24/2017	0.191174	0.210543	0.187828	0.202004	2,032,440	95,587,000
10/23/2017	0.204455	0.205632	0.187501	0.190887	1,335,730	102,227,000
10/22/2017	0.203787	0.205872	0.198511	0.204589	1,191,490	101,893,000
10/21/2017	0.211135	0.214693	0.197011	0.203438	1,422,100	105,567,000
10/20/2017	0.225801	0.230144	0.211546	0.211546	2,541,670	112,901,000
10/19/2017	0.219781	0.230184	0.214467	0.22567	2,571,520	109,890,000
10/18/2017	0.219823	0.227802	0.195858	0.219384	2,958,100	109,911,000
10/17/2017	0.201077	0.227835	0.191122	0.221232	3,121,300	100,539,000
10/16/2017	0.197919	0.203066	0.187616	0.200841	1,811,900	98,959,600
10/15/2017	0.197475	0.203444	0.183708	0.197635	1,902,990	98,737,600
10/14/2017	0.19953	0.19953	0.189894	0.196873	1,475,560	99,764,800
10/13/2017	0.1866	0.207583	0.179417	0.199728	3,289,010	93,299,900
10/12/2017	0.202617	0.204898	0.184107	0.185752	2,430,370	101,309,000
10/11/2017	0.19806	0.206022	0.196157	0.202379	1,387,800	99,029,900
10/10/2017	0.185069	0.210924	0.184017	0.197963	2,236,690	92,534,200
10/9/2017	0.185723	0.190627	0.176277	0.186208	2,011,230	92,861,400
10/8/2017	0.188466	0.204626	0.184504	0.184632	2,114,590	94,232,800
10/7/2017	0.200026	0.207999	0.18673	0.187759	1,452,270	100,013,000
10/6/2017	0.179189	0.202662	0.178888	0.199481	1,405,650	89,594,300
10/5/2017	0.184488	0.187409	0.178462	0.179249	1,225,480	92,243,800
10/4/2017	0.195314	0.203317	0.183541	0.184051	1,186,820	97,657,200
10/3/2017	0.202575	0.204779	0.186048	0.194812	1,387,310	101,287,000
10/2/2017	0.213754	0.216893	0.201089	0.201903	1,622,300	106,877,000
10/1/2017	0.218009	0.218806	0.208943	0.21514	1,439,060	109,004,000
9/30/2017	0.210802	0.222151	0.210249	0.217415	1,214,660	105,401,000
9/29/2017	0.216631	0.218619	0.202766	0.21052	1,278,350	108,315,000
9/28/2017	0.231448	0.238562	0.215112	0.216788	1,822,680	115,724,000
9/27/2017	0.195748	0.233405	0.195049	0.232705	2,398,430	97,873,800
9/26/2017	0.195085	0.19986	0.189107	0.196489	1,508,980	97,542,400
9/25/2017	0.177336	0.200598	0.174887	0.194848	1,820,160	88,667,900
9/24/2017	0.187838	0.190817	0.175413	0.17738	1,091,020	93,919,100
9/23/2017	0.182643	0.190476	0.180347	0.187938	931,322	91,321,400
9/22/2017	0.176962	0.187321	0.171743	0.183742	1,561,690	88,481,000
9/21/2017	0.20029	0.206032	0.175413	0.178186	1,657,700	100,145,000
9/20/2017	0.203443	0.210435	0.199088	0.201347	1,849,880	101,722,000
9/19/2017	0.231063	0.23153	0.203297	0.204615	2,320,980	115,531,000
9/18/2017	0.20822	0.238528	0.208165	0.230369	1,865,790	104,110,000
9/17/2017	0.20986	0.21594	0.191466	0.207021	986,802	104,930,000
9/16/2017	0.208816	0.213989	0.195698	0.209666	1,383,050	104,408,000
9/15/2017	0.176447	0.216716	0.156424	0.205293	3,595,670	88,223,500
9/14/2017	0.223408	0.228707	0.17501	0.17501	3,056,000	111,704,000
9/13/2017	0.257031	0.257911	0.212135	0.223347	3,405,890	128,516,000
9/12/2017	0.275405	0.289507	0.251309	0.255598	3,791,170	137,703,000
9/11/2017	0.246839	0.275266	0.236536	0.275226	4,856,890	123,419,000
9/10/2017	0.258124	0.258124	0.23189	0.24655	2,159,810	129,062,000
9/9/2017	0.258422	0.259154	0.240122	0.257112	1,972,250	129,211,000
9/8/2017	0.309705	0.31327	0.237483	0.259444	5,590,490	154,852,000
9/7/2017	0.25645	0.331923	0.254505	0.308967	8,513,980	128,225,000
9/6/2017	0.236535	0.258303	0.235836	0.254545	3,987,820	118,267,000
9/5/2017	0.236484	0.247325	0.203388	0.240646	5,406,050	118,242,000
9/4/2017	0.285917	0.286994	0.210171	0.237356	10,708,700	142,959,000
9/3/2017	0.307518	0.32817	0.283449	0.287915	4,038,540	153,759,000
9/2/2017	0.38454	0.391341	0.303908	0.305877	6,092,920	192,270,000
9/1/2017	0.372777	0.402174	0.361104	0.385751	9,229,510	186,388,000
8/31/2017	0.33097	0.3745	0.323976	0.369852	6,919,520	165,485,000
8/30/2017	0.361106	0.364266	0.33051	0.33193	5,733,410	180,553,000
8/29/2017	0.341101	0.372469	0.341101	0.359571	6,321,130	170,550,000
8/28/2017	0.352459	0.354823	0.32362	0.343713	6,639,910	176,230,000
8/27/2017	0.354806	0.356997	0.333831	0.351523	4,536,030	177,403,000
8/26/2017	0.362022	0.377722	0.324328	0.355843	10,377,400	181,011,000
8/25/2017	0.387431	0.394479	0.345851	0.361609	6,146,620	193,716,000
8/24/2017	0.382705	0.392537	0.372134	0.38531	6,227,850	191,353,000
8/23/2017	0.36401	0.410874	0.36401	0.386673	8,663,860	182,005,000
8/22/2017	0.351547	0.375577	0.315831	0.364505	8,045,240	175,773,000
8/21/2017	0.422273	0.44368	0.327742	0.351503	15,013,800	253,364,000
8/20/2017	0.471296	0.475262	0.403409	0.424265	16,016,500	282,777,000
8/19/2017	0.294578	0.543728	0.284357	0.478768	52,677,500	176,747,000
8/18/2017	0.205558	0.35026	0.205558	0.293387	12,793,800	123,335,000
8/17/2017	0.223022	0.238935	0.206735	0.206735	2,752,410	133,813,000
8/16/2017	0.111725	0.280031	0.103962	0.224399	5,232,600	67,034,800
